#Tld ModelExport
52 #width
52 #height
59.375309 #min_var
5 #Positive Sample Size
27.622223 11.622223 7.622223 13.622223 10.622223 11.622223 11.622223 1.622223 4.622223 5.622223 4.622223 3.622223 -2.377777 -3.377777 -4.377777 
27.622223 13.622223 0.622223 9.622223 9.622223 5.622223 -1.377777 -0.377777 3.622223 5.622223 5.622223 5.622223 1.622223 -3.377777 -10.377777 
16.622223 1.622223 7.622223 5.622223 2.622223 -5.377777 -4.377777 -0.377777 2.622223 8.622223 6.622223 5.622223 3.622223 -3.377777 -13.377777 
3.622223 -2.377777 -8.377777 -7.377777 -5.377777 -4.377777 -4.377777 -1.377777 -0.377777 8.622223 7.622223 5.622223 2.622223 -3.377777 -13.377777 
-3.377777 -11.377777 -8.377777 -3.377777 0.622223 5.622223 4.622223 -0.377777 -3.377777 -6.377777 -4.377777 0.622223 0.622223 -2.377777 -11.377777 
0.622223 -0.377777 -1.377777 -9.377777 -13.377777 -10.377777 -10.377777 -8.377777 0.622223 4.622223 2.622223 -0.377777 -0.377777 -1.377777 -7.377777 
1.622223 -6.377777 -12.377777 -14.377777 -18.377777 -15.377777 -8.377777 -8.377777 -10.377777 -8.377777 2.622223 2.622223 0.622223 -1.377777 -10.377777 
-6.377777 -13.377777 -15.377777 -16.377777 -21.377777 -22.377777 4.622223 6.622223 -10.377777 -12.377777 -12.377777 -3.377777 0.622223 1.622223 1.622223 
-10.377777 -12.377777 -15.377777 -9.377777 -28.377777 -13.377777 17.622223 8.622223 -4.377777 -10.377777 -11.377777 -7.377777 -2.377777 0.622223 0.622223 
-10.377777 -9.377777 -12.377777 -10.377777 -8.377777 -2.377777 -0.377777 -4.377777 -5.377777 -6.377777 -7.377777 -8.377777 -5.377777 1.622223 1.622223 
-6.377777 -8.377777 -8.377777 -11.377777 -11.377777 -6.377777 -3.377777 -4.377777 -6.377777 -4.377777 -4.377777 -4.377777 -1.377777 0.622223 7.622223 
-7.377777 -6.377777 -5.377777 -4.377777 -1.377777 -0.377777 -1.377777 -2.377777 -1.377777 -0.377777 2.622223 3.622223 9.622223 18.622223 28.622223 
-6.377777 -5.377777 -5.377777 -3.377777 -0.377777 -0.377777 1.622223 0.622223 -0.377777 3.622223 8.622223 18.622223 31.622223 47.622223 47.622223 
-2.377777 -6.377777 -2.377777 -1.377777 -2.377777 0.622223 2.622223 3.622223 1.622223 4.622223 10.622223 19.622223 29.622223 37.622223 39.622223 
-2.377777 -3.377777 -4.377777 -3.377777 -1.377777 0.622223 -0.377777 5.622223 3.622223 4.622223 7.622223 11.622223 14.622223 25.622223 26.622223 
-3.724442 14.275558 15.275558 16.275558 0.275558 2.275558 7.275558 8.275558 6.275558 7.275558 2.275558 -0.724442 -2.724442 -7.724442 -7.724442 
-4.724442 15.275558 17.275558 2.275558 -0.724442 3.275558 5.275558 9.275558 8.275558 6.275558 4.275558 4.275558 1.275558 -5.724442 -11.724442 
14.275558 9.275558 2.275558 -1.724442 0.275558 2.275558 4.275558 10.275558 8.275558 6.275558 5.275558 2.275558 2.275558 -1.724442 -10.724442 
8.275558 0.275558 -4.724442 -3.724442 -2.724442 0.275558 -2.724442 -3.724442 0.275558 3.275558 8.275558 3.275558 0.275558 -2.724442 -8.724442 
-7.724442 -9.724442 -12.724442 -7.724442 -3.724442 -2.724442 -2.724442 -4.724442 -4.724442 -0.724442 -0.724442 -0.724442 0.275558 -0.724442 -5.724442 
-6.724442 -0.724442 0.275558 -4.724442 -13.724442 -11.724442 -9.724442 0.275558 3.275558 2.275558 -2.724442 -3.724442 1.275558 0.275558 -6.724442 
2.275558 -0.724442 -7.724442 -14.724442 -16.724442 -20.724442 -16.724442 -12.724442 -10.724442 2.275558 3.275558 2.275558 -0.724442 -5.724442 -4.724442 
-1.724442 -10.724442 -13.724442 -10.724442 -19.724442 -26.724442 -19.724442 -1.724442 -11.724442 -7.724442 -1.724442 0.275558 0.275558 -0.724442 2.275558 
-8.724442 -13.724442 -13.724442 -5.724442 -16.724442 -15.724442 -5.724442 2.275558 -8.724442 -9.724442 -7.724442 -4.724442 -0.724442 2.275558 1.275558 
-11.724442 -14.724442 -14.724442 -12.724442 -0.724442 -2.724442 -0.724442 -5.724442 -8.724442 -7.724442 -3.724442 -6.724442 -2.724442 2.275558 3.275558 
-5.724442 -6.724442 -7.724442 -8.724442 -4.724442 -4.724442 -1.724442 -2.724442 -3.724442 -0.724442 0.275558 2.275558 2.275558 1.275558 3.275558 
-1.724442 -3.724442 -4.724442 -3.724442 0.275558 1.275558 1.275558 0.275558 3.275558 4.275558 6.275558 6.275558 7.275558 9.275558 18.275558 
-0.724442 -1.724442 -0.724442 -0.724442 0.275558 4.275558 7.275558 7.275558 8.275558 9.275558 10.275558 12.275558 18.275558 25.275558 28.275558 
-2.724442 -0.724442 -0.724442 2.275558 4.275558 7.275558 12.275558 13.275558 11.275558 10.275558 12.275558 11.275558 16.275558 22.275558 22.275558 
0.275558 -1.724442 -0.724442 2.275558 3.275558 5.275558 9.275558 10.275558 12.275558 9.275558 9.275558 8.275558 10.275558 12.275558 13.275558 
6.582222 -1.417778 8.582222 7.582222 6.582222 -2.417778 -3.417778 1.582222 3.582222 0.582222 2.582222 0.582222 -4.417778 -7.417778 -12.417778 
1.582222 -0.417778 7.582222 7.582222 -4.417778 -6.417778 -0.417778 5.582222 5.582222 1.582222 5.582222 2.582222 0.582222 -4.417778 -13.417778 
5.582222 8.582222 1.582222 -0.417778 -3.417778 -1.417778 -2.417778 5.582222 14.582222 5.582222 3.582222 2.582222 1.582222 -4.417778 -13.417778 
10.582222 3.582222 -3.417778 -7.417778 -6.417778 -9.417778 -7.417778 -2.417778 5.582222 7.582222 6.582222 5.582222 0.582222 -1.417778 -11.417778 
-6.417778 -9.417778 -19.417778 -17.417778 -13.417778 -10.417778 -8.417778 -8.417778 -5.417778 -3.417778 1.582222 1.582222 1.582222 0.582222 -2.417778 
-13.417778 -13.417778 -15.417778 -6.417778 1.582222 -1.417778 -2.417778 -3.417778 -1.417778 -0.417778 -1.417778 -1.417778 0.582222 2.582222 -0.417778 
-5.417778 -4.417778 -3.417778 -2.417778 -1.417778 -3.417778 -4.417778 -5.417778 -4.417778 -2.417778 1.582222 0.582222 -0.417778 0.582222 -3.417778 
-4.417778 -7.417778 -10.417778 -9.417778 -5.417778 0.582222 -3.417778 -3.417778 -6.417778 -11.417778 -8.417778 1.582222 3.582222 3.582222 6.582222 
-9.417778 -15.417778 -17.417778 -16.417778 -23.417778 -28.417778 -28.417778 -19.417778 -20.417778 -17.417778 -8.417778 -3.417778 -1.417778 1.582222 7.582222 
-14.417778 -16.417778 -18.417778 -18.417778 -23.417778 -24.417778 -23.417778 -4.417778 -13.417778 -14.417778 -11.417778 -7.417778 -2.417778 1.582222 11.582222 
-8.417778 -12.417778 -15.417778 -16.417778 -16.417778 -18.417778 -19.417778 -10.417778 -9.417778 -10.417778 -7.417778 -0.417778 3.582222 14.582222 36.582222 
-4.417778 -5.417778 -9.417778 -10.417778 -11.417778 -14.417778 -10.417778 -8.417778 -8.417778 -4.417778 1.582222 17.582222 28.582222 44.582222 52.582222 
-1.417778 -4.417778 -5.417778 -5.417778 -1.417778 0.582222 0.582222 -1.417778 3.582222 9.582222 15.582222 30.582222 39.582222 55.582222 63.582222 
-0.417778 -3.417778 -2.417778 -0.417778 -1.417778 -1.417778 8.582222 8.582222 11.582222 15.582222 19.582222 32.582222 44.582222 52.582222 58.582222 
3.582222 -0.417778 -1.417778 -0.417778 2.582222 4.582222 5.582222 10.582222 11.582222 14.582222 15.582222 21.582222 24.582222 32.582222 42.582222 
2.795555 8.795555 7.795555 7.795555 5.795555 -1.204445 -0.204445 0.795555 2.795555 1.795555 -1.204445 -8.204445 -10.204445 -11.204445 -14.204445 
-8.204445 6.795555 4.795555 5.795555 1.795555 -6.204445 -0.204445 2.795555 3.795555 4.795555 0.795555 -1.204445 -9.204445 -14.204445 -17.204445 
-16.204445 7.795555 5.795555 1.795555 -7.204445 -0.204445 1.795555 3.795555 1.795555 5.795555 0.795555 1.795555 -3.204445 -14.204445 -17.204445 
2.795555 3.795555 -0.204445 -7.204445 -2.204445 1.795555 1.795555 6.795555 4.795555 7.795555 8.795555 2.795555 -1.204445 -13.204445 -20.204445 
5.795555 -3.204445 -2.204445 -0.204445 0.795555 -0.204445 1.795555 4.795555 3.795555 4.795555 7.795555 5.795555 0.795555 -4.204445 -14.204445 
1.795555 -0.204445 -9.204445 -12.204445 -9.204445 -5.204445 -3.204445 -3.204445 -2.204445 -0.204445 4.795555 7.795555 6.795555 -0.204445 -16.204445 
-16.204445 -21.204445 -23.204445 -21.204445 -17.204445 -12.204445 -15.204445 -14.204445 -11.204445 -13.204445 -8.204445 0.795555 4.795555 -5.204445 -4.204445 
-27.204445 -28.204445 -26.204445 -15.204445 -6.204445 -6.204445 -7.204445 -7.204445 -5.204445 -12.204445 -7.204445 1.795555 5.795555 5.795555 -0.204445 
-16.204445 -18.204445 -14.204445 -4.204445 -2.204445 -4.204445 -3.204445 0.795555 -0.204445 1.795555 -0.204445 6.795555 9.795555 13.795555 5.795555 
-20.204445 -23.204445 -21.204445 -19.204445 -18.204445 -21.204445 -21.204445 -23.204445 -20.204445 -20.204445 -3.204445 15.795555 21.795555 15.795555 18.795555 
-20.204445 -22.204445 -25.204445 -30.204445 -34.204445 -26.204445 -28.204445 -13.204445 -7.204445 0.795555 8.795555 17.795555 34.795555 33.795555 38.795555 
-9.204445 -16.204445 -16.204445 -13.204445 -13.204445 -10.204445 -9.204445 -3.204445 -2.204445 2.795555 15.795555 24.795555 38.795555 48.795555 59.795555 
-8.204445 -9.204445 -8.204445 -8.204445 -3.204445 -1.204445 1.795555 8.795555 7.795555 8.795555 19.795555 32.795555 50.795555 52.795555 55.795555 
-7.204445 -7.204445 -9.204445 -4.204445 -1.204445 0.795555 3.795555 7.795555 9.795555 14.795555 17.795555 27.795555 44.795555 47.795555 44.795555 
-2.204445 -6.204445 -7.204445 -5.204445 -0.204445 2.795555 7.795555 8.795555 15.795555 18.795555 9.795555 14.795555 24.795555 29.795555 36.795555 
4.684448 9.684448 7.684448 4.684448 -1.315552 -2.315552 -2.315552 -4.315552 -9.315552 -7.315552 -8.315552 -4.315552 -13.315552 -13.315552 -13.315552 
-16.315552 6.684448 5.684448 4.684448 -3.315552 -4.315552 -1.315552 -1.315552 -2.315552 -4.315552 -9.315552 -12.315552 -14.315552 -18.315552 -17.315552 
-18.315552 1.684448 3.684448 -5.315552 -9.315552 1.684448 0.684448 0.684448 -0.315552 -1.315552 -2.315552 -15.315552 -19.315552 -21.315552 -19.315552 
3.684448 5.684448 -3.315552 -8.315552 -1.315552 -0.315552 5.684448 2.684448 1.684448 -0.315552 -2.315552 -7.315552 -20.315552 -22.315552 -24.315552 
5.684448 -3.315552 -5.315552 -4.315552 -8.315552 -4.315552 7.684448 10.684448 7.684448 2.684448 -0.315552 -4.315552 -21.315552 -22.315552 -27.315552 
-8.315552 -9.315552 -18.315552 -18.315552 -11.315552 -9.315552 -9.315552 -5.315552 -0.315552 1.684448 1.684448 -2.315552 -11.315552 -25.315552 -26.315552 
-19.315552 -22.315552 -18.315552 -14.315552 -14.315552 -12.315552 -8.315552 -2.315552 -3.315552 -3.315552 -1.315552 0.684448 -2.315552 -19.315552 -28.315552 
-9.315552 -15.315552 -23.315552 -27.315552 -29.315552 -26.315552 -17.315552 -12.315552 -7.315552 -1.315552 0.684448 2.684448 -3.315552 -4.315552 -17.315552 
-15.315552 -21.315552 -21.315552 -26.315552 -26.315552 -17.315552 -6.315552 -18.315552 -15.315552 -10.315552 -2.315552 3.684448 12.684448 -0.315552 -7.315552 
-16.315552 -19.315552 -26.315552 -15.315552 -17.315552 -8.315552 -9.315552 -6.315552 -9.315552 -13.315552 -3.315552 1.684448 22.684448 17.684448 0.684448 
-15.315552 -13.315552 -16.315552 -13.315552 -7.315552 -6.315552 -5.315552 -5.315552 -3.315552 1.684448 5.684448 23.684448 53.684448 67.684448 60.684448 
-8.315552 -9.315552 -7.315552 -5.315552 -2.315552 -1.315552 -1.315552 4.684448 9.684448 19.684448 31.684448 47.684448 59.684448 62.684448 59.684448 
-4.315552 -5.315552 -4.315552 -4.315552 -1.315552 3.684448 4.684448 12.684448 20.684448 28.684448 44.684448 57.684448 57.684448 56.684448 55.684448 
0.684448 -4.315552 -2.315552 -0.315552 1.684448 4.684448 7.684448 11.684448 16.684448 22.684448 29.684448 39.684448 44.684448 43.684448 49.684448 
5.684448 -1.315552 -1.315552 0.684448 3.684448 8.684448 11.684448 9.684448 7.684448 10.684448 10.684448 20.684448 27.684448 35.684448 38.684448 
25 #Negative Sample Size
26.279999 18.279999 14.279999 12.279999 5.279999 3.279999 -12.720001 -16.720001 -16.720001 -13.720001 -14.720001 -10.720001 -8.720001 22.279999 25.279999 
-20.720001 -21.720001 -20.720001 -24.720001 -26.720001 -24.720001 -26.720001 -26.720001 -20.720001 -18.720001 -9.720001 -8.720001 -10.720001 -2.720001 36.279999 
-25.720001 -25.720001 -23.720001 -23.720001 -25.720001 -25.720001 -25.720001 -27.720001 -25.720001 -19.720001 -11.720001 -7.720001 -4.720001 -0.720001 7.279999 
-20.720001 -20.720001 -20.720001 -23.720001 -26.720001 -26.720001 -25.720001 -26.720001 -21.720001 -18.720001 -14.720001 -8.720001 -4.720001 9.279999 7.279999 
-21.720001 -18.720001 -20.720001 -25.720001 -29.720001 -29.720001 -26.720001 -27.720001 -22.720001 -17.720001 -15.720001 -11.720001 -12.720001 9.279999 11.279999 
-14.720001 -14.720001 -20.720001 -26.720001 -30.720001 -32.720001 -28.720001 -26.720001 -22.720001 -21.720001 -18.720001 -14.720001 -11.720001 7.279999 7.279999 
-12.720001 -14.720001 -21.720001 -27.720001 -31.720001 -34.720001 -30.720001 -27.720001 -26.720001 -26.720001 -22.720001 -18.720001 -13.720001 -1.720001 6.279999 
-3.720001 -7.720001 -18.720001 -26.720001 -32.720001 -32.720001 -28.720001 -28.720001 -28.720001 -28.720001 -27.720001 -28.720001 -20.720001 -3.720001 1.279999 
21.279999 -4.720001 -9.720001 -15.720001 -22.720001 -27.720001 -29.720001 -27.720001 -31.720001 -31.720001 -33.720001 -34.720001 -28.720001 -5.720001 -1.720001 
70.279999 35.279999 9.279999 -8.720001 -14.720001 -22.720001 -24.720001 -27.720001 -31.720001 -34.720001 -34.720001 -34.720001 -28.720001 -6.720001 -2.720001 
89.279999 90.279999 62.279999 17.279999 0.279999 -8.720001 -18.720001 -29.720001 -32.720001 -34.720001 -26.720001 -28.720001 -28.720001 -13.720001 -7.720001 
52.279999 68.279999 93.279999 85.279999 52.279999 -1.720001 -7.720001 -15.720001 -17.720001 -24.720001 -24.720001 -24.720001 -25.720001 -30.720001 -16.720001 
41.279999 49.279999 56.279999 74.279999 92.279999 84.279999 42.279999 30.279999 17.279999 7.279999 -8.720001 -11.720001 -20.720001 -23.720001 -22.720001 
40.279999 40.279999 44.279999 50.279999 60.279999 76.279999 102.279999 110.279999 98.279999 95.279999 97.279999 65.279999 -12.720001 -18.720001 -14.720001 
40.279999 42.279999 39.279999 36.279999 34.279999 45.279999 67.279999 84.279999 106.279999 115.279999 108.279999 84.279999 25.279999 23.279999 18.279999 
97.293335 69.293335 56.293335 52.293335 58.293335 56.293335 56.293335 69.293335 60.293335 -2.706665 -14.706665 12.293335 18.293335 21.293335 26.293335 
-28.706665 21.293335 52.293335 57.293335 74.293335 77.293335 65.293335 28.293335 3.293335 -28.706665 -44.706665 -1.706665 9.293335 18.293335 25.293335 
-39.706665 -7.706665 -4.706665 9.293335 24.293335 34.293335 61.293335 69.293335 86.293335 85.293335 63.293335 54.293335 34.293335 20.293335 22.293335 
-39.706665 -8.706665 -10.706665 -7.706665 -5.706665 -7.706665 -3.706665 20.293335 52.293335 69.293335 78.293335 87.293335 78.293335 72.293335 54.293335 
-57.706665 -19.706665 -14.706665 -8.706665 1.293335 3.293335 7.293335 7.293335 5.293335 8.293335 1.293335 12.293335 40.293335 67.293335 75.293335 
-68.706665 -31.706665 -26.706665 -23.706665 -17.706665 -17.706665 -13.706665 -10.706665 -3.706665 -0.706665 -1.706665 -1.706665 -0.706665 3.293335 4.293335 
-58.706665 -40.706665 -34.706665 -32.706665 -30.706665 -27.706665 -23.706665 -20.706665 -14.706665 -8.706665 -0.706665 1.293335 4.293335 19.293335 23.293335 
-29.706665 -45.706665 -42.706665 -41.706665 -37.706665 -35.706665 -22.706665 -19.706665 -16.706665 -10.706665 -3.706665 4.293335 14.293335 25.293335 29.293335 
-8.706665 -68.706665 -54.706665 -54.706665 -49.706665 -45.706665 -25.706665 -15.706665 -16.706665 -8.706665 0.293335 9.293335 14.293335 24.293335 28.293335 
14.293335 -68.706665 -55.706665 -50.706665 -49.706665 -49.706665 -33.706665 -33.706665 -17.706665 -10.706665 3.293335 9.293335 13.293335 23.293335 28.293335 
52.293335 -70.706665 -56.706665 -49.706665 -48.706665 -43.706665 -38.706665 -40.706665 -2.706665 13.293335 11.293335 10.293335 13.293335 22.293335 28.293335 
74.293335 -68.706665 -60.706665 -54.706665 -53.706665 -45.706665 -38.706665 -43.706665 -0.706665 45.293335 55.293335 15.293335 17.293335 20.293335 27.293335 
103.293335 -70.706665 -64.706665 -61.706665 -63.706665 -47.706665 -39.706665 -40.706665 -27.706665 14.293335 35.293335 21.293335 16.293335 19.293335 25.293335 
118.293335 -70.706665 -54.706665 -44.706665 -42.706665 -39.706665 -39.706665 -35.706665 -31.706665 -3.706665 28.293335 19.293335 16.293335 18.293335 26.293335 
135.293335 -70.706665 -61.706665 -54.706665 -46.706665 -40.706665 -48.706665 -47.706665 -41.706665 -6.706665 34.293335 27.293335 19.293335 16.293335 25.293335 
-53.208885 -56.208885 18.791115 29.791115 28.791115 48.791115 21.791115 20.791115 14.791115 10.791115 6.791115 3.791115 -2.208885 17.791115 -37.208885 
-49.208885 -62.208885 -23.208885 34.791115 15.791115 61.791115 43.791115 24.791115 31.791115 62.791115 83.791115 90.791115 84.791115 17.791115 -40.208885 
-40.208885 -46.208885 -62.208885 -10.208885 38.791115 25.791115 62.791115 55.791115 43.791115 43.791115 23.791115 13.791115 65.791115 45.791115 37.791115 
-35.208885 -42.208885 -63.208885 -47.208885 36.791115 9.791115 66.791115 47.791115 -23.208885 -35.208885 -70.208885 -76.208885 2.791115 35.791115 47.791115 
-33.208885 -35.208885 -53.208885 -71.208885 -27.208885 30.791115 41.791115 58.791115 -37.208885 -85.208885 -81.208885 -84.208885 -84.208885 -65.208885 -47.208885 
-30.208885 -36.208885 -49.208885 -70.208885 -82.208885 27.791115 6.791115 53.791115 18.791115 -76.208885 -68.208885 -72.208885 -84.208885 -58.208885 -43.208885 
-31.208885 -31.208885 -38.208885 -50.208885 -68.208885 -38.208885 34.791115 20.791115 59.791115 -12.208885 -77.208885 -71.208885 -54.208885 -44.208885 18.791115 
-33.208885 -32.208885 -38.208885 -43.208885 -56.208885 -79.208885 22.791115 7.791115 41.791115 26.791115 -77.208885 -83.208885 1.791115 117.791115 164.791107 
-34.208885 -35.208885 -35.208885 -41.208885 -50.208885 -71.208885 -26.208885 29.791115 9.791115 30.791115 37.791115 26.791115 72.791115 155.791107 167.791107 
-38.208885 -35.208885 -35.208885 -39.208885 -45.208885 -62.208885 -73.208885 23.791115 11.791115 14.791115 129.791107 137.791107 147.791107 169.791107 169.791107 
-38.208885 -36.208885 -34.208885 -37.208885 -40.208885 -57.208885 -77.208885 -6.208885 12.791115 -9.208885 94.791115 169.791107 169.791107 169.791107 169.791107 
-40.208885 -35.208885 -34.208885 -36.208885 -39.208885 -56.208885 -70.208885 -70.208885 8.791115 7.791115 -27.208885 162.791107 169.791107 169.791107 169.791107 
-42.208885 -39.208885 -37.208885 -36.208885 -38.208885 -45.208885 -67.208885 -82.208885 -17.208885 12.791115 -27.208885 103.791115 162.791107 168.791107 164.791107 
-40.208885 -38.208885 -37.208885 -35.208885 -33.208885 -43.208885 -59.208885 -71.208885 -48.208885 -8.208885 -0.208885 12.791115 79.791115 102.791115 72.791115 
-42.208885 -40.208885 -38.208885 -38.208885 -37.208885 -41.208885 -53.208885 -63.208885 -75.208885 -28.208885 8.791115 -9.208885 17.791115 -30.208885 -38.208885 
18.195557 18.195557 19.195557 19.195557 24.195557 21.195557 23.195557 19.195557 24.195557 20.195557 17.195557 19.195557 18.195557 20.195557 17.195557 
23.195557 20.195557 18.195557 18.195557 20.195557 22.195557 26.195557 21.195557 22.195557 22.195557 22.195557 19.195557 15.195557 22.195557 21.195557 
17.195557 19.195557 19.195557 13.195557 12.195557 6.195557 2.195557 -3.804443 -6.804443 -4.804443 -1.804443 1.195557 9.195557 16.195557 17.195557 
13.195557 6.195557 -0.804443 -10.804443 -11.804443 -17.804443 -28.804443 -28.804443 -30.804443 -23.804443 -16.804443 -12.804443 -5.804443 2.195557 15.195557 
-2.804443 -22.804443 -32.804443 -37.804443 -31.804443 -26.804443 -24.804443 -23.804443 -22.804443 -14.804443 -8.804443 -5.804443 -1.804443 -1.804443 6.195557 
-38.804443 -31.804443 -19.804443 -17.804443 -15.804443 -17.804443 -20.804443 -24.804443 -19.804443 -18.804443 -14.804443 -17.804443 -3.804443 5.195557 9.195557 
-21.804443 -20.804443 -21.804443 -23.804443 -22.804443 -23.804443 -23.804443 -24.804443 -23.804443 -24.804443 -21.804443 -23.804443 -5.804443 3.195557 10.195557 
-24.804443 -24.804443 -25.804443 -28.804443 -20.804443 -21.804443 -24.804443 -23.804443 -28.804443 -32.804443 -24.804443 -15.804443 7.195557 14.195557 20.195557 
-24.804443 -24.804443 -24.804443 -25.804443 -24.804443 -23.804443 -27.804443 -27.804443 -31.804443 -29.804443 -18.804443 -1.804443 13.195557 22.195557 19.195557 
-26.804443 -27.804443 -29.804443 -26.804443 -33.804443 -31.804443 -31.804443 -28.804443 -27.804443 -13.804443 0.195557 9.195557 17.195557 24.195557 21.195557 
-33.804443 -33.804443 -38.804443 -36.804443 -46.804443 -37.804443 -29.804443 -18.804443 -4.804443 7.195557 12.195557 19.195557 24.195557 23.195557 21.195557 
-21.804443 -23.804443 -20.804443 -16.804443 -12.804443 0.195557 8.195557 18.195557 18.195557 20.195557 17.195557 20.195557 20.195557 17.195557 23.195557 
12.195557 15.195557 14.195557 16.195557 21.195557 22.195557 21.195557 22.195557 23.195557 22.195557 20.195557 21.195557 23.195557 26.195557 22.195557 
24.195557 23.195557 22.195557 22.195557 22.195557 20.195557 24.195557 20.195557 19.195557 26.195557 23.195557 25.195557 22.195557 27.195557 28.195557 
19.195557 25.195557 24.195557 22.195557 21.195557 22.195557 20.195557 27.195557 22.195557 22.195557 21.195557 23.195557 25.195557 24.195557 24.195557 
17.320007 8.320007 -3.679993 -17.679993 -31.679993 -55.679993 -8.679993 0.320007 -1.679993 -3.679993 -0.679993 -3.679993 -4.679993 -5.679993 -3.679993 
52.320007 36.320007 32.320007 45.320007 4.320007 -27.679993 -16.679993 3.320007 -0.679993 -4.679993 -1.679993 -3.679993 -2.679993 -3.679993 -3.679993 
39.320007 63.320007 67.320007 67.320007 67.320007 39.320007 -7.679993 1.320007 -2.679993 -3.679993 -1.679993 -2.679993 -2.679993 -2.679993 -3.679993 
3.320007 50.320007 45.320007 18.320007 7.320007 49.320007 22.320007 0.320007 -4.679993 -3.679993 -5.679993 -3.679993 -1.679993 -2.679993 -3.679993 
3.320007 0.320007 5.320007 6.320007 3.320007 7.320007 18.320007 -2.679993 -8.679993 -6.679993 -5.679993 -3.679993 -3.679993 -3.679993 -3.679993 
7.320007 5.320007 9.320007 13.320007 -4.679993 -8.679993 24.320007 -0.679993 -4.679993 -6.679993 -4.679993 -3.679993 -5.679993 -4.679993 -3.679993 
6.320007 -11.679993 -22.679993 -17.679993 -28.679993 -17.679993 11.320007 -2.679993 -4.679993 -6.679993 -7.679993 -5.679993 -4.679993 -4.679993 -5.679993 
4.320007 -9.679993 -10.679993 2.320007 7.320007 8.320007 9.320007 -3.679993 -6.679993 -7.679993 -6.679993 -6.679993 -8.679993 -6.679993 -4.679993 
1.320007 5.320007 7.320007 4.320007 5.320007 2.320007 14.320007 -2.679993 -6.679993 -4.679993 -6.679993 -7.679993 -10.679993 -8.679993 -5.679993 
3.320007 3.320007 4.320007 3.320007 3.320007 5.320007 11.320007 -3.679993 -5.679993 -6.679993 -6.679993 -6.679993 -7.679993 -7.679993 -7.679993 
3.320007 0.320007 2.320007 3.320007 4.320007 7.320007 14.320007 -8.679993 -8.679993 -5.679993 -7.679993 -5.679993 -9.679993 -9.679993 -6.679993 
2.320007 0.320007 1.320007 2.320007 1.320007 13.320007 10.320007 -7.679993 -10.679993 -7.679993 -8.679993 -8.679993 -10.679993 -10.679993 -10.679993 
0.320007 -0.679993 1.320007 2.320007 0.320007 11.320007 6.320007 -10.679993 -10.679993 -8.679993 -9.679993 -10.679993 -9.679993 -10.679993 -10.679993 
-0.679993 -0.679993 0.320007 1.320007 1.320007 6.320007 -4.679993 -11.679993 -10.679993 -10.679993 -9.679993 -12.679993 -13.679993 -10.679993 -9.679993 
-1.679993 -0.679993 -0.679993 3.320007 5.320007 6.320007 -11.679993 -12.679993 -11.679993 -10.679993 -9.679993 -10.679993 -10.679993 -10.679993 -10.679993 
146.257782 34.257778 2.257778 -1.742222 -1.742222 -1.742222 -1.742222 -0.742222 -1.742222 -1.742222 -1.742222 1.257778 0.257778 -0.742222 -0.742222 
115.257774 -1.742222 -1.742222 -1.742222 -1.742222 -1.742222 -1.742222 -1.742222 -1.742222 -1.742222 -1.742222 -1.742222 -0.742222 -0.742222 -1.742222 
49.257778 -1.742222 -1.742222 -1.742222 -1.742222 -1.742222 -1.742222 -1.742222 -1.742222 -1.742222 -1.742222 -1.742222 -1.742222 -1.742222 -1.742222 
3.257778 -1.742222 -1.742222 -1.742222 -1.742222 -1.742222 -1.742222 -1.742222 -1.742222 1.257778 -1.742222 -1.742222 -1.742222 -1.742222 -1.742222 
-1.742222 -1.742222 -1.742222 -1.742222 -1.742222 -1.742222 -1.742222 -1.742222 -1.742222 0.257778 -1.742222 -1.742222 -1.742222 -1.742222 -1.742222 
-1.742222 0.257778 -1.742222 -1.742222 -1.742222 -1.742222 -1.742222 -1.742222 -1.742222 -1.742222 -1.742222 -1.742222 -1.742222 -1.742222 -1.742222 
-1.742222 -1.742222 -1.742222 -1.742222 -1.742222 -1.742222 -0.742222 -1.742222 -1.742222 -1.742222 -1.742222 -1.742222 -1.742222 -1.742222 -1.742222 
-0.742222 -1.742222 -1.742222 -1.742222 -1.742222 1.257778 1.257778 -1.742222 -1.742222 -1.742222 -1.742222 -1.742222 -1.742222 -1.742222 -1.742222 
-1.742222 -1.742222 -1.742222 -1.742222 -1.742222 -1.742222 -1.742222 -1.742222 -1.742222 -1.742222 -1.742222 -1.742222 -1.742222 -1.742222 -1.742222 
-1.742222 -1.742222 -1.742222 -1.742222 -1.742222 -1.742222 -1.742222 -1.742222 -1.742222 -1.742222 -1.742222 -1.742222 -1.742222 -1.742222 -1.742222 
-1.742222 -1.742222 -1.742222 -1.742222 -1.742222 -1.742222 -1.742222 -1.742222 -1.742222 -1.742222 -1.742222 -1.742222 -1.742222 -1.742222 -1.742222 
-1.742222 -1.742222 -1.742222 -1.742222 -1.742222 -1.742222 -1.742222 -1.742222 -1.742222 -1.742222 -1.742222 -1.742222 -1.742222 -1.742222 -1.742222 
-1.742222 -1.742222 -1.742222 -1.742222 -1.742222 -1.742222 -1.742222 -1.742222 -1.742222 -1.742222 -1.742222 -1.742222 -1.742222 -1.742222 -1.742222 
0.257778 1.257778 -1.742222 -1.742222 -1.742222 -1.742222 -1.742222 -1.742222 -1.742222 -1.742222 -1.742222 -1.742222 -1.742222 -1.742222 -1.742222 
-1.742222 -1.742222 -1.742222 -1.742222 -1.742222 -1.742222 -1.742222 -1.742222 -1.742222 -1.742222 -1.742222 -1.742222 -1.742222 -1.742222 -0.742222 
22.822220 16.822220 8.822220 4.822220 5.822220 6.822220 7.822220 9.822220 6.822220 -0.177780 4.822220 16.822220 7.822220 39.822220 -42.177780 
24.822220 19.822220 12.822220 5.822220 4.822220 4.822220 5.822220 6.822220 6.822220 4.822220 13.822220 21.822220 16.822220 48.822220 -44.177780 
17.822220 21.822220 14.822220 5.822220 1.822220 2.822220 1.822220 4.822220 4.822220 6.822220 15.822220 40.822220 17.822220 57.822220 -47.177780 
11.822220 12.822220 10.822220 1.822220 -2.177780 -0.177780 0.822220 4.822220 9.822220 10.822220 24.822220 33.822220 23.822220 51.822220 -45.177780 
-1.177780 2.822220 1.822220 0.822220 -2.177780 -0.177780 -2.177780 6.822220 6.822220 12.822220 30.822220 24.822220 21.822220 45.822220 -46.177780 
-7.177780 -5.177780 -7.177780 -7.177780 -6.177780 -3.177780 -5.177780 -2.177780 3.822220 10.822220 19.822220 15.822220 23.822220 41.822220 24.822220 
-12.177780 -9.177780 -10.177780 -10.177780 -14.177780 -10.177780 -11.177780 -3.177780 2.822220 8.822220 11.822220 10.822220 18.822220 32.822220 66.822220 
-13.177780 -15.177780 -13.177780 -14.177780 -21.177780 -23.177780 -13.177780 -6.177780 -1.177780 4.822220 5.822220 1.822220 9.822220 27.822220 101.822220 
-16.177780 -18.177780 -22.177780 -21.177780 -28.177780 -23.177780 -22.177780 -16.177780 -3.177780 -8.177780 -5.177780 -4.177780 3.822220 27.822220 90.822220 
-22.177780 -23.177780 -29.177780 -29.177780 -33.177780 -30.177780 -20.177780 -12.177780 -5.177780 -7.177780 -6.177780 -6.177780 3.822220 26.822220 74.822220 
-30.177780 -35.177780 -32.177780 -24.177780 -33.177780 -24.177780 -13.177780 -11.177780 -14.177780 -9.177780 -7.177780 -6.177780 2.822220 24.822220 67.822220 
-40.177780 -39.177780 -38.177780 -37.177780 -29.177780 -20.177780 -17.177780 -15.177780 -13.177780 -10.177780 -7.177780 -6.177780 0.822220 23.822220 60.822220 
-43.177780 -43.177780 -39.177780 -33.177780 -27.177780 -22.177780 -16.177780 -13.177780 -10.177780 -8.177780 -7.177780 -4.177780 -2.177780 17.822220 56.822220 
-42.177780 -35.177780 -26.177780 -22.177780 -19.177780 -15.177780 -13.177780 -12.177780 -10.177780 -9.177780 -7.177780 -5.177780 2.822220 15.822220 56.822220 
-21.177780 -15.177780 -13.177780 -16.177780 -14.177780 -14.177780 -14.177780 -12.177780 -8.177780 -7.177780 -6.177780 -1.177780 4.822220 20.822220 75.822220 
41.835556 41.835556 45.835556 45.835556 44.835556 42.835556 45.835556 42.835556 42.835556 40.835556 32.835556 30.835556 -63.164444 -73.164444 -96.164444 
37.835556 34.835556 36.835556 37.835556 35.835556 36.835556 35.835556 33.835556 31.835556 29.835556 26.835556 41.835556 -28.164444 -81.164444 -84.164444 
29.835556 31.835556 30.835556 32.835556 29.835556 30.835556 28.835556 26.835556 23.835556 20.835556 14.835556 12.835556 12.835556 -82.164444 -83.164444 
21.835556 20.835556 20.835556 22.835556 18.835556 20.835556 17.835556 17.835556 9.835556 8.835556 1.835556 -8.164444 23.835556 -82.164444 -79.164444 
-15.164444 4.835556 8.835556 9.835556 3.835556 5.835556 4.835556 -0.164444 -1.164444 -10.164444 -13.164444 -20.164444 3.835556 -68.164444 -73.164444 
-37.164444 -41.164444 -33.164444 -26.164444 -11.164444 -11.164444 -10.164444 -15.164444 -16.164444 -26.164444 -30.164444 -35.164444 -16.164444 -49.164444 -102.164444 
-21.164444 -27.164444 -41.164444 -49.164444 -54.164444 -48.164444 -44.164444 -39.164444 -35.164444 -40.164444 -39.164444 -44.164444 -28.164444 -59.164444 -116.164444 
-10.164444 -20.164444 -22.164444 -31.164444 -43.164444 -56.164444 -65.164444 -67.164444 -73.164444 -69.164444 -66.164444 -71.164444 -14.164444 -75.164444 -114.164444 
-4.164444 -7.164444 -15.164444 -20.164444 -32.164444 -40.164444 -44.164444 -58.164444 -59.164444 -81.164444 -96.164444 20.835556 61.835556 -81.164444 -109.164444 
2.835556 -1.164444 -11.164444 -15.164444 -23.164444 -34.164444 -40.164444 -48.164444 -61.164444 -34.164444 46.835556 62.835556 65.835556 28.835556 -115.164444 
8.835556 -0.164444 -5.164444 -5.164444 -20.164444 -30.164444 -41.164444 -50.164444 -2.164444 51.835556 60.835556 61.835556 65.835556 65.835556 -137.164444 
8.835556 8.835556 6.835556 -2.164444 -12.164444 -31.164444 -39.164444 12.835556 44.835556 51.835556 64.835556 65.835556 65.835556 65.835556 -24.164444 
20.835556 16.835556 10.835556 7.835556 -1.164444 -17.164444 11.835556 37.835556 52.835556 63.835556 65.835556 65.835556 65.835556 65.835556 53.835556 
28.835556 22.835556 21.835556 15.835556 11.835556 -2.164444 31.835556 43.835556 62.835556 65.835556 65.835556 65.835556 65.835556 65.835556 65.835556 
31.835556 29.835556 24.835556 25.835556 18.835556 9.835556 35.835556 53.835556 64.835556 65.835556 65.835556 65.835556 65.835556 65.835556 65.835556 
72.191116 72.191116 63.191116 61.191116 61.191116 37.191116 29.191116 27.191116 16.191116 13.191116 16.191116 18.191116 15.191116 12.191116 10.191116 
31.191116 14.191116 9.191116 17.191116 22.191116 26.191116 27.191116 25.191116 21.191116 13.191116 11.191116 10.191116 8.191116 10.191116 9.191116 
12.191116 19.191116 19.191116 16.191116 17.191116 19.191116 15.191116 16.191116 14.191116 11.191116 9.191116 10.191116 5.191116 5.191116 6.191116 
17.191116 17.191116 17.191116 10.191116 12.191116 14.191116 9.191116 11.191116 9.191116 5.191116 4.191116 3.191116 1.191116 1.191116 0.191116 
10.191116 10.191116 7.191116 7.191116 8.191116 5.191116 3.191116 2.191116 1.191116 -2.808884 -4.808884 2.191116 -3.808884 -7.808884 -12.808884 
5.191116 8.191116 4.191116 3.191116 0.191116 1.191116 0.191116 0.191116 0.191116 -5.808884 -6.808884 -15.808884 -25.808884 -37.808884 -45.808884 
3.191116 6.191116 2.191116 0.191116 -2.808884 -2.808884 -11.808884 -18.808884 -29.808884 -43.808884 -46.808884 -51.808884 -49.808884 -47.808884 -40.808884 
-1.808884 -8.808884 -16.808884 -25.808884 -40.808884 -46.808884 -51.808884 -47.808884 -48.808884 -44.808884 -41.808884 -38.808884 -32.808884 -22.808884 -21.808884 
-34.808884 -38.808884 -40.808884 -43.808884 -46.808884 -44.808884 -42.808884 -31.808884 -34.808884 -30.808884 -26.808884 -24.808884 -21.808884 -17.808884 -13.808884 
-46.808884 -44.808884 -42.808884 -38.808884 -36.808884 -31.808884 -28.808884 -22.808884 -19.808884 -19.808884 -20.808884 -15.808884 -11.808884 -9.808884 -8.808884 
-37.808884 -32.808884 -30.808884 -28.808884 -23.808884 -18.808884 -18.808884 -11.808884 -12.808884 -11.808884 -10.808884 -5.808884 -0.808884 -0.808884 1.191116 
-20.808884 -18.808884 -15.808884 -14.808884 -14.808884 -7.808884 -0.808884 0.191116 0.191116 1.191116 0.191116 3.191116 6.191116 11.191116 13.191116 
-9.808884 -3.808884 -1.808884 -4.808884 0.191116 3.191116 7.191116 9.191116 11.191116 14.191116 16.191116 21.191116 24.191116 28.191116 27.191116 
1.191116 8.191116 5.191116 6.191116 9.191116 16.191116 22.191116 27.191116 25.191116 27.191116 32.191116 36.191116 41.191116 43.191116 44.191116 
12.191116 16.191116 16.191116 18.191116 21.191116 27.191116 31.191116 36.191116 39.191116 39.191116 45.191116 48.191116 55.191116 57.191116 57.191116 
11.742218 17.742218 12.742218 16.742218 23.742218 26.742218 24.742218 24.742218 24.742218 25.742218 23.742218 23.742218 20.742218 21.742218 20.742218 
-13.257782 9.742218 9.742218 10.742218 18.742218 21.742218 20.742218 22.742218 25.742218 23.742218 20.742218 22.742218 22.742218 21.742218 19.742218 
-15.257782 -10.257782 6.742218 12.742218 11.742218 13.742218 15.742218 24.742218 23.742218 24.742218 20.742218 22.742218 27.742218 23.742218 22.742218 
-12.257782 -17.257782 -16.257782 -0.257782 10.742218 9.742218 11.742218 16.742218 24.742218 26.742218 22.742218 21.742218 24.742218 21.742218 21.742218 
-18.257782 -15.257782 -17.257782 -26.257782 -3.257782 10.742218 11.742218 13.742218 21.742218 24.742218 23.742218 22.742218 22.742218 20.742218 19.742218 
-8.257782 3.742218 12.742218 -17.257782 -53.257782 -3.257782 9.742218 9.742218 10.742218 17.742218 23.742218 22.742218 22.742218 23.742218 24.742218 
12.742218 -5.257782 -41.257782 -74.257782 -77.257782 -44.257782 -12.257782 18.742218 10.742218 13.742218 18.742218 23.742218 25.742218 24.742218 23.742218 
0.742218 -68.257782 -93.257782 -73.257782 -66.257782 -49.257782 -46.257782 -29.257782 8.742218 14.742218 7.742218 11.742218 22.742218 26.742218 25.742218 
-15.257782 -66.257782 -74.257782 -65.257782 -59.257782 -35.257782 -32.257782 -34.257782 -23.257782 -0.257782 7.742218 7.742218 11.742218 5.742218 5.742218 
-43.257782 -58.257782 -68.257782 -72.257782 -63.257782 -38.257782 -22.257782 -23.257782 -30.257782 -26.257782 -4.257782 6.742218 7.742218 -2.257782 -0.257782 
-56.257782 -57.257782 -66.257782 -72.257782 -69.257782 -41.257782 -24.257782 -23.257782 -19.257782 -24.257782 -21.257782 4.742218 8.742218 7.742218 7.742218 
-32.257782 -36.257782 -40.257782 -41.257782 -46.257782 -42.257782 -27.257782 -8.257782 5.742218 10.742218 17.742218 16.742218 13.742218 10.742218 9.742218 
-20.257782 -27.257782 -43.257782 -40.257782 -10.257782 2.742218 13.742218 16.742218 18.742218 19.742218 24.742218 25.742218 25.742218 22.742218 13.742218 
-39.257782 -14.257782 8.742218 12.742218 18.742218 23.742218 28.742218 32.742218 23.742218 26.742218 25.742218 25.742218 24.742218 26.742218 21.742218 
-0.257782 15.742218 22.742218 24.742218 24.742218 28.742218 28.742218 25.742218 24.742218 25.742218 26.742218 25.742218 25.742218 29.742218 24.742218 
6.755554 10.755554 9.755554 5.755554 6.755554 7.755554 6.755554 4.755554 2.755554 0.755554 3.755554 4.755554 6.755554 12.755554 14.755554 
5.755554 9.755554 9.755554 5.755554 6.755554 5.755554 4.755554 4.755554 1.755554 0.755554 2.755554 4.755554 6.755554 12.755554 13.755554 
0.755554 4.755554 4.755554 4.755554 3.755554 3.755554 3.755554 0.755554 -1.244446 0.755554 1.755554 2.755554 4.755554 6.755554 11.755554 
-0.244446 -1.244446 1.755554 1.755554 0.755554 1.755554 1.755554 0.755554 -1.244446 -1.244446 0.755554 1.755554 0.755554 1.755554 7.755554 
-3.244446 -2.244446 0.755554 -0.244446 0.755554 -0.244446 -0.244446 -0.244446 -1.244446 -2.244446 -1.244446 -1.244446 -0.244446 1.755554 6.755554 
-5.244446 -4.244446 -2.244446 -2.244446 -1.244446 -3.244446 -2.244446 -0.244446 -1.244446 -1.244446 -4.244446 -6.244446 -2.244446 0.755554 4.755554 
-9.244446 -8.244446 -5.244446 -2.244446 -2.244446 -4.244446 -2.244446 -0.244446 1.755554 -1.244446 -2.244446 -2.244446 -1.244446 0.755554 3.755554 
-10.244446 -10.244446 -9.244446 -3.244446 -2.244446 -0.244446 -0.244446 3.755554 5.755554 3.755554 -1.244446 -3.244446 -3.244446 -0.244446 3.755554 
-10.244446 -9.244446 -9.244446 -6.244446 -2.244446 0.755554 3.755554 3.755554 3.755554 0.755554 -2.244446 -4.244446 -5.244446 -4.244446 -0.244446 
-6.244446 -9.244446 -10.244446 -9.244446 -7.244446 -3.244446 1.755554 1.755554 -0.244446 -6.244446 -7.244446 -7.244446 -7.244446 -0.244446 6.755554 
-2.244446 -10.244446 -14.244446 -12.244446 -12.244446 -11.244446 -10.244446 -9.244446 -9.244446 -10.244446 -11.244446 -8.244446 -5.244446 10.755554 20.755554 
3.755554 -9.244446 -14.244446 -14.244446 -14.244446 -13.244446 -12.244446 -13.244446 -9.244446 -10.244446 -9.244446 -3.244446 18.755554 30.755554 34.755554 
1.755554 -7.244446 -12.244446 -13.244446 -15.244446 -15.244446 -17.244446 -16.244446 -10.244446 -9.244446 -9.244446 15.755554 23.755554 36.755554 35.755554 
-1.244446 -6.244446 -15.244446 -17.244446 -17.244446 -17.244446 -17.244446 -18.244446 -14.244446 -3.244446 -0.244446 25.755554 24.755554 26.755554 56.755554 
0.755554 -9.244446 -13.244446 -16.244446 -16.244446 -16.244446 -18.244446 -19.244446 -6.244446 2.755554 14.755554 27.755554 30.755554 31.755554 66.755554 
1.151111 0.151111 0.151111 1.151111 0.151111 0.151111 -0.848889 -2.848889 -0.848889 -1.848889 0.151111 0.151111 -0.848889 0.151111 0.151111 
0.151111 -0.848889 -0.848889 0.151111 1.151111 0.151111 -0.848889 -1.848889 -0.848889 -1.848889 -0.848889 0.151111 -0.848889 0.151111 1.151111 
-0.848889 -1.848889 -1.848889 -2.848889 -2.848889 -1.848889 -3.848889 -2.848889 -2.848889 -4.848889 -2.848889 -2.848889 -3.848889 -1.848889 -1.848889 
-3.848889 -3.848889 -4.848889 -4.848889 -3.848889 -3.848889 -4.848889 -3.848889 -3.848889 -3.848889 -4.848889 -2.848889 -3.848889 -2.848889 -1.848889 
-3.848889 -3.848889 -4.848889 -4.848889 -3.848889 -4.848889 -4.848889 -4.848889 -3.848889 -2.848889 -4.848889 -3.848889 -3.848889 -3.848889 -1.848889 
-4.848889 -3.848889 -3.848889 -4.848889 -4.848889 -4.848889 -5.848889 -4.848889 -5.848889 -4.848889 -4.848889 -5.848889 -3.848889 -3.848889 -2.848889 
-5.848889 -5.848889 -5.848889 -4.848889 -5.848889 -4.848889 -5.848889 -5.848889 -5.848889 -5.848889 -4.848889 -5.848889 -3.848889 -3.848889 -3.848889 
-4.848889 -5.848889 -5.848889 -5.848889 -5.848889 -4.848889 -5.848889 -5.848889 -5.848889 -5.848889 -4.848889 -4.848889 -4.848889 -3.848889 -3.848889 
-4.848889 -4.848889 -4.848889 -5.848889 -6.848889 -6.848889 -5.848889 -4.848889 -3.848889 -4.848889 -3.848889 -4.848889 -5.848889 -4.848889 -3.848889 
-5.848889 -5.848889 -5.848889 -5.848889 -5.848889 -5.848889 -4.848889 -3.848889 -5.848889 -4.848889 -2.848889 -2.848889 -2.848889 -3.848889 -3.848889 
-3.848889 -3.848889 -3.848889 -4.848889 0.151111 -0.848889 1.151111 2.151111 3.151111 4.151111 5.151111 5.151111 6.151111 5.151111 6.151111 
11.151112 11.151112 16.151112 12.151112 8.151112 7.151111 6.151111 7.151111 9.151112 8.151112 7.151111 8.151112 7.151111 8.151112 8.151112 
6.151111 7.151111 9.151112 9.151112 10.151112 8.151112 9.151112 7.151111 11.151112 13.151112 14.151112 14.151112 8.151112 11.151112 8.151112 
4.151111 2.151111 2.151111 2.151111 6.151111 3.151111 -2.848889 -1.848889 0.151111 -0.848889 -2.848889 -2.848889 -0.848889 9.151112 37.151112 
-0.848889 -3.848889 -6.848889 -6.848889 -6.848889 8.151112 71.151108 80.151108 13.151112 -4.848889 -6.848889 -4.848889 -5.848889 5.151111 55.151112 
-22.848888 49.151112 -22.848888 -22.848888 -22.848888 -22.848888 -22.848888 -22.848888 -22.848888 -22.848888 -22.848888 -22.848888 -22.848888 -22.848888 -22.848888 
-22.848888 28.151112 -20.848888 -22.848888 -22.848888 -22.848888 -22.848888 -22.848888 -22.848888 -22.848888 -22.848888 -22.848888 -22.848888 -22.848888 -22.848888 
-22.848888 7.151112 -22.848888 -22.848888 -22.848888 -22.848888 -22.848888 -22.848888 -22.848888 -22.848888 -22.848888 -22.848888 -22.848888 -22.848888 -22.848888 
-3.848888 -2.848888 -22.848888 -22.848888 -22.848888 -22.848888 -22.848888 -22.848888 -22.848888 -22.848888 -22.848888 -22.848888 -22.848888 -22.848888 -22.848888 
30.151112 -17.848888 -22.848888 -22.848888 -22.848888 -22.848888 -22.848888 -22.848888 -22.848888 -22.848888 -22.848888 -22.848888 -22.848888 -22.848888 -22.848888 
54.151112 -22.848888 -22.848888 -22.848888 -22.848888 -22.848888 -22.848888 -22.848888 -22.848888 -22.848888 -22.848888 -20.848888 -22.848888 -22.848888 -22.848888 
78.151108 -22.848888 -22.848888 -22.848888 -22.848888 -22.848888 -22.848888 -22.848888 -22.848888 -22.848888 -22.848888 -22.848888 -22.848888 -22.848888 -22.848888 
79.151108 -22.848888 -22.848888 -22.848888 -22.848888 -22.848888 -22.848888 -22.848888 -22.848888 -22.848888 -22.848888 -22.848888 -22.848888 2.151112 43.151112 
74.151108 -22.848888 -22.848888 -22.848888 -22.848888 -22.848888 -22.848888 -22.848888 -22.848888 -22.848888 -22.848888 -22.848888 32.151112 46.151112 40.151112 
50.151112 -22.848888 -22.848888 -22.848888 -22.848888 -22.848888 -22.848888 -22.848888 -22.848888 -22.848888 -22.848888 -12.848888 43.151112 50.151112 62.151112 
25.151112 -22.848888 -22.848888 -22.848888 -22.848888 -22.848888 -22.848888 -22.848888 -22.848888 -22.848888 27.151112 47.151112 77.151108 82.151108 97.151108 
10.151112 -22.848888 -22.848888 -22.848888 -22.848888 -22.848888 -22.848888 -20.848888 19.151112 39.151112 49.151112 66.151108 68.151108 62.151112 88.151108 
-16.848888 -22.848888 -22.848888 -22.848888 -22.848888 -16.848888 34.151112 35.151112 42.151112 56.151112 72.151108 82.151108 74.151108 92.151108 90.151108 
-22.848888 -22.848888 -22.848888 -22.848888 11.151112 44.151112 50.151112 49.151112 58.151112 53.151112 56.151112 66.151108 53.151112 78.151108 65.151108 
-22.848888 -22.848888 -22.848888 34.151112 50.151112 52.151112 88.151108 93.151108 98.151108 85.151108 89.151108 78.151108 85.151108 91.151108 94.151108 
0.128891 -0.871109 -1.871109 -2.871109 -2.871109 -2.871109 -1.871109 -1.871109 1.128891 3.128891 2.128891 1.128891 -1.871109 -6.871109 -7.871109 
-0.871109 0.128891 -0.871109 -1.871109 -2.871109 -1.871109 -0.871109 -0.871109 -0.871109 0.128891 2.128891 1.128891 -1.871109 -6.871109 -6.871109 
-0.871109 -0.871109 -1.871109 -1.871109 -1.871109 0.128891 -1.871109 -1.871109 -1.871109 0.128891 1.128891 1.128891 -2.871109 -4.871109 -6.871109 
-0.871109 -2.871109 -2.871109 -3.871109 -2.871109 -4.871109 -5.871109 -4.871109 -1.871109 1.128891 2.128891 1.128891 -0.871109 -7.871109 -7.871109 
-1.871109 -4.871109 -3.871109 -4.871109 -2.871109 -4.871109 -2.871109 -1.871109 0.128891 2.128891 3.128891 1.128891 -0.871109 -6.871109 -7.871109 
-2.871109 -2.871109 -5.871109 -4.871109 -4.871109 -5.871109 -2.871109 -1.871109 0.128891 1.128891 2.128891 0.128891 -1.871109 -3.871109 -7.871109 
-1.871109 -4.871109 -7.871109 -7.871109 -5.871109 -6.871109 -6.871109 -2.871109 -0.871109 1.128891 2.128891 0.128891 0.128891 -0.871109 -5.871109 
-0.871109 -4.871109 -6.871109 -6.871109 -8.871109 -6.871109 -8.871109 -3.871109 -0.871109 1.128891 0.128891 0.128891 0.128891 0.128891 -5.871109 
-1.871109 -3.871109 -3.871109 -4.871109 -6.871109 -5.871109 -4.871109 -2.871109 0.128891 1.128891 3.128891 2.128891 3.128891 1.128891 -0.871109 
-1.871109 -0.871109 -3.871109 -5.871109 -3.871109 -2.871109 -2.871109 0.128891 2.128891 3.128891 4.128891 4.128891 4.128891 4.128891 10.128891 
-3.871109 -3.871109 -2.871109 -2.871109 -2.871109 -3.871109 -3.871109 2.128891 4.128891 5.128891 6.128891 5.128891 5.128891 4.128891 27.128891 
-5.871109 -8.871109 -6.871109 -2.871109 -2.871109 -3.871109 -2.871109 0.128891 2.128891 5.128891 6.128891 6.128891 6.128891 10.128891 37.128891 
-3.871109 -4.871109 -3.871109 -2.871109 -3.871109 -2.871109 -1.871109 -0.871109 3.128891 5.128891 6.128891 5.128891 5.128891 21.128891 49.128891 
-0.871109 -1.871109 -1.871109 -4.871109 -7.871109 -3.871109 -2.871109 -1.871109 1.128891 3.128891 4.128891 5.128891 8.128891 35.128891 55.128891 
-0.871109 -1.871109 -1.871109 -4.871109 -7.871109 -8.871109 -3.871109 -2.871109 -1.871109 0.128891 1.128891 4.128891 11.128891 47.128891 53.128891 
0.497780 0.497780 -1.502220 -2.502220 -2.502220 -3.502220 -3.502220 -2.502220 -3.502220 -1.502220 0.497780 0.497780 1.497780 0.497780 0.497780 
-5.502220 -5.502220 -4.502220 -1.502220 -1.502220 -2.502220 -2.502220 -4.502220 -2.502220 -2.502220 -4.502220 -1.502220 -0.502220 -2.502220 -1.502220 
-6.502220 -6.502220 -5.502220 -5.502220 -5.502220 -7.502220 -5.502220 -5.502220 -4.502220 -5.502220 -5.502220 -3.502220 -2.502220 -3.502220 -2.502220 
-4.502220 -5.502220 -5.502220 -5.502220 -6.502220 -6.502220 -5.502220 -5.502220 -5.502220 -4.502220 -5.502220 -2.502220 -4.502220 -4.502220 -3.502220 
-4.502220 -5.502220 -5.502220 -6.502220 -5.502220 -5.502220 -6.502220 -6.502220 -5.502220 -4.502220 -2.502220 -4.502220 -6.502220 -3.502220 -4.502220 
-5.502220 -8.502220 -8.502220 -5.502220 -6.502220 -5.502220 -7.502220 -5.502220 -5.502220 -3.502220 -3.502220 -2.502220 -4.502220 -4.502220 -5.502220 
-6.502220 -10.502220 -9.502220 -6.502220 -6.502220 -6.502220 -5.502220 -4.502220 -6.502220 -5.502220 -4.502220 -5.502220 -4.502220 -3.502220 -4.502220 
-6.502220 -7.502220 -6.502220 -6.502220 -6.502220 -6.502220 -6.502220 -6.502220 -6.502220 -4.502220 -5.502220 -6.502220 -5.502220 -5.502220 -5.502220 
-6.502220 -8.502220 -8.502220 -6.502220 -7.502220 -8.502220 -8.502220 -8.502220 -6.502220 -7.502220 -6.502220 -6.502220 -6.502220 -7.502220 -6.502220 
-6.502220 -8.502220 -8.502220 -7.502220 -6.502220 -7.502220 -6.502220 -8.502220 -7.502220 -6.502220 -6.502220 -6.502220 -7.502220 -6.502220 -6.502220 
-6.502220 -6.502220 -5.502220 -5.502220 -6.502220 -7.502220 -6.502220 -7.502220 -5.502220 -5.502220 -6.502220 -7.502220 -7.502220 -7.502220 -7.502220 
-6.502220 -5.502220 -5.502220 -8.502220 -5.502220 -8.502220 -9.502220 -6.502220 -3.502220 -4.502220 -8.502220 -7.502220 -8.502220 -11.502220 -12.502220 
-4.502220 -4.502220 -4.502220 -7.502220 -6.502220 -9.502220 -10.502220 -6.502220 -6.502220 -8.502220 -12.502220 -8.502220 5.497780 18.497780 35.497780 
-4.502220 -5.502220 -6.502220 -11.502220 -10.502220 -14.502220 -17.502220 -1.502220 6.497780 22.497780 50.497780 75.497780 93.497780 103.497780 106.497780 
-3.502220 -8.502220 -2.502220 -0.502220 5.497780 19.497780 36.497780 54.497780 69.497780 79.497780 83.497780 84.497780 77.497780 72.497780 60.497780 
12.813334 10.813334 -9.186666 -19.186666 -22.186666 -23.186666 -23.186666 -23.186666 -22.186666 -19.186666 -17.186666 -0.186666 16.813334 9.813334 -11.186666 
13.813334 9.813334 -12.186666 -23.186666 -22.186666 -23.186666 -23.186666 -22.186666 -22.186666 -19.186666 -14.186666 -5.186666 2.813334 17.813334 -15.186666 
11.813334 6.813334 -4.186666 -19.186666 -18.186666 -17.186666 -17.186666 -8.186666 -1.186666 -1.186666 -2.186666 -8.186666 -4.186666 -0.186666 -16.186666 
12.813334 6.813334 1.813334 -15.186666 -19.186666 -20.186666 -18.186666 -10.186666 6.813334 6.813334 6.813334 -1.186666 -8.186666 -5.186666 -13.186666 
8.813334 4.813334 -1.186666 -17.186666 -23.186666 -23.186666 -23.186666 -23.186666 -14.186666 5.813334 10.813334 28.813334 2.813334 -5.186666 -8.186666 
6.813334 2.813334 -0.186666 -11.186666 -18.186666 -21.186666 -23.186666 -23.186666 -23.186666 -13.186666 27.813334 17.813334 30.813334 33.813332 26.813334 
4.813334 2.813334 -1.186666 -9.186666 -17.186666 -21.186666 -23.186666 -23.186666 -23.186666 -13.186666 16.813334 29.813334 32.813332 51.813332 50.813332 
3.813334 0.813334 -3.186666 -14.186666 -23.186666 -23.186666 -23.186666 -22.186666 -23.186666 -22.186666 -18.186666 7.813334 18.813334 20.813334 53.813332 
4.813334 2.813334 -2.186666 -14.186666 -22.186666 -23.186666 -23.186666 -23.186666 -21.186666 -21.186666 -19.186666 2.813334 5.813334 11.813334 31.813334 
7.813334 2.813334 -3.186666 -10.186666 -22.186666 -23.186666 -23.186666 -23.186666 -22.186666 -20.186666 -14.186666 0.813334 4.813334 21.813334 35.813332 
3.813334 3.813334 -1.186666 -9.186666 -22.186666 -22.186666 -22.186666 -23.186666 -23.186666 -21.186666 -11.186666 -8.186666 10.813334 27.813334 9.813334 
0.813334 3.813334 -1.186666 -7.186666 -21.186666 -21.186666 -22.186666 -22.186666 -21.186666 -20.186666 -17.186666 -22.186666 19.813334 75.813332 3.813334 
-0.186666 2.813334 -1.186666 -4.186666 -8.186666 -6.186666 -1.186666 6.813334 10.813334 12.813334 21.813334 35.813332 53.813332 64.813332 56.813332 
-1.186666 2.813334 -6.186666 21.813334 70.813332 71.813332 74.813332 70.813332 69.813332 63.813332 56.813332 55.813332 54.813332 43.813332 42.813332 
-5.186666 -2.186666 -6.186666 1.813334 8.813334 6.813334 8.813334 1.813334 0.813334 -4.186666 -4.186666 -7.186666 -6.186666 -8.186666 -9.186666 
-11.395554 -12.395554 -12.395554 -10.395554 -10.395554 -8.395554 -9.395554 -7.395554 -8.395554 -8.395554 -2.395554 -2.395554 -1.395554 -0.395554 -0.395554 
-11.395554 -11.395554 -11.395554 -11.395554 -10.395554 -10.395554 -8.395554 -6.395554 -5.395554 -4.395554 -1.395554 -0.395554 0.604446 0.604446 0.604446 
-12.395554 -10.395554 -10.395554 -9.395554 -9.395554 -8.395554 -6.395554 -5.395554 -3.395554 -2.395554 -0.395554 0.604446 1.604446 1.604446 -0.395554 
-16.395554 -13.395554 -12.395554 -9.395554 -8.395554 -5.395554 -6.395554 -3.395554 -1.395554 -0.395554 0.604446 -0.395554 -0.395554 -0.395554 -0.395554 
-15.395554 -19.395554 -13.395554 -12.395554 -11.395554 -6.395554 -5.395554 -0.395554 2.604446 1.604446 -0.395554 -0.395554 -3.395554 -3.395554 -2.395554 
-7.395554 -18.395554 -14.395554 -12.395554 -11.395554 -5.395554 -3.395554 0.604446 1.604446 3.604446 7.604446 5.604446 2.604446 0.604446 -2.395554 
1.604446 -17.395554 -17.395554 -13.395554 -10.395554 -8.395554 -2.395554 5.604446 2.604446 4.604446 6.604446 4.604446 3.604446 1.604446 -0.395554 
5.604446 -17.395554 -16.395554 -14.395554 -12.395554 -10.395554 -1.395554 1.604446 2.604446 3.604446 5.604446 3.604446 2.604446 5.604446 0.604446 
-6.395554 -18.395554 -16.395554 -13.395554 -12.395554 -6.395554 -5.395554 0.604446 6.604446 6.604446 7.604446 6.604446 4.604446 7.604446 3.604446 
-18.395554 -20.395554 -17.395554 -11.395554 -8.395554 -6.395554 -2.395554 1.604446 6.604446 9.604446 8.604446 10.604446 9.604446 10.604446 9.604446 
-25.395554 -15.395554 -13.395554 -7.395554 -6.395554 -4.395554 -3.395554 3.604446 8.604446 11.604446 10.604446 18.604446 17.604446 18.604446 18.604446 
-24.395554 -13.395554 -10.395554 -7.395554 -2.395554 -1.395554 -0.395554 3.604446 9.604446 17.604446 18.604446 22.604446 27.604446 29.604446 18.604446 
-8.395554 -7.395554 -4.395554 -0.395554 1.604446 1.604446 1.604446 4.604446 10.604446 15.604446 19.604446 28.604446 27.604446 28.604446 28.604446 
-8.395554 -5.395554 -1.395554 4.604446 3.604446 1.604446 4.604446 14.604446 13.604446 16.604446 21.604446 26.604446 26.604446 30.604446 35.604446 
-7.395554 -6.395554 0.604446 2.604446 6.604446 1.604446 3.604446 8.604446 11.604446 17.604446 22.604446 22.604446 24.604446 29.604446 33.604446 
-5.737778 -7.737778 -2.737778 -4.737778 -0.737778 -4.737778 4.262222 -3.737778 1.262222 -0.737778 10.262222 5.262222 9.262222 7.262222 10.262222 
-2.737778 -5.737778 -2.737778 -6.737778 2.262222 -0.737778 8.262222 -3.737778 0.262222 4.262222 11.262222 1.262222 0.262222 8.262222 15.262222 
-3.737778 -3.737778 -13.737778 -5.737778 -2.737778 -6.737778 -7.737778 -2.737778 5.262222 -0.737778 -4.737778 2.262222 7.262222 2.262222 3.262222 
-9.737778 -12.737778 -11.737778 -4.737778 -5.737778 -6.737778 -5.737778 2.262222 -0.737778 -2.737778 -3.737778 6.262222 3.262222 3.262222 10.262222 
-11.737778 -4.737778 -5.737778 -7.737778 -8.737778 -1.737778 -4.737778 -6.737778 -4.737778 0.262222 -3.737778 -2.737778 0.262222 2.262222 0.262222 
-12.737778 -8.737778 -10.737778 -12.737778 -3.737778 -7.737778 -3.737778 -10.737778 -3.737778 -2.737778 1.262222 -5.737778 0.262222 1.262222 -0.737778 
-17.737778 -15.737778 -12.737778 -10.737778 -13.737778 -12.737778 -7.737778 -10.737778 -8.737778 -3.737778 0.262222 -7.737778 -1.737778 1.262222 -3.737778 
-16.737778 -15.737778 -13.737778 -15.737778 -14.737778 -12.737778 -12.737778 -16.737778 -5.737778 -8.737778 -9.737778 -9.737778 -1.737778 -9.737778 -15.737778 
-11.737778 -14.737778 -15.737778 -10.737778 -11.737778 -15.737778 -15.737778 -0.737778 -6.737778 -14.737778 -6.737778 -3.737778 -4.737778 -5.737778 7.262222 
-16.737778 -21.737778 -11.737778 -14.737778 -22.737778 -24.737778 -10.737778 -19.737778 -22.737778 -15.737778 -2.737778 -12.737778 -0.737778 6.262222 17.262222 
-14.737778 -8.737778 -4.737778 -20.737778 -15.737778 -9.737778 -18.737778 -20.737778 -17.737778 -1.737778 -6.737778 11.262222 14.262222 24.262222 27.262222 
-15.737778 -13.737778 -21.737778 -21.737778 -16.737778 -19.737778 -14.737778 2.262222 7.262222 7.262222 16.262222 22.262222 29.262222 33.262222 31.262222 
-19.737778 -23.737778 -22.737778 -12.737778 -3.737778 5.262222 8.262222 19.262222 25.262222 30.262222 29.262222 27.262222 29.262222 31.262222 31.262222 
-15.737778 -3.737778 5.262222 13.262222 19.262222 26.262222 30.262222 28.262222 28.262222 29.262222 28.262222 27.262222 27.262222 29.262222 30.262222 
3.262222 10.262222 17.262222 23.262222 24.262222 28.262222 27.262222 27.262222 27.262222 30.262222 28.262222 27.262222 26.262222 30.262222 29.262222 
21.137779 24.137779 24.137779 27.137779 25.137779 29.137779 29.137779 28.137779 30.137779 30.137779 30.137779 31.137779 28.137779 32.137779 34.137779 
22.137779 23.137779 20.137779 19.137779 18.137779 23.137779 23.137779 26.137779 28.137779 27.137779 27.137779 28.137779 26.137779 15.137779 20.137779 
-7.862221 -2.862221 -13.862221 0.137779 7.137779 14.137779 15.137779 9.137779 12.137779 12.137779 23.137779 28.137779 31.137779 30.137779 34.137779 
-5.862221 -43.862221 -53.862221 -41.862221 -25.862221 -12.862221 5.137779 10.137779 21.137779 19.137779 24.137779 24.137779 30.137779 31.137779 32.137779 
-3.862221 -18.862221 -71.862221 -56.862221 -37.862221 -23.862221 -12.862221 -5.862221 5.137779 11.137779 19.137779 23.137779 28.137779 30.137779 33.137779 
1.137779 21.137779 -37.862221 -98.862221 -91.862221 -55.862221 -27.862221 -17.862221 -15.862221 -9.862221 -10.862221 0.137779 14.137779 18.137779 23.137779 
-8.862221 -11.862221 -23.862221 -12.862221 24.137779 -12.862221 -48.862221 2.137779 -49.862221 -35.862221 -18.862221 -5.862221 -1.862221 6.137779 14.137779 
-33.862221 -24.862221 -23.862221 -23.862221 -11.862221 -16.862221 -9.862221 4.137779 13.137779 -12.862221 -60.862221 -87.862221 -68.862221 -38.862221 -31.862221 
-28.862221 -23.862221 -17.862221 -17.862221 -12.862221 -14.862221 -79.862221 -94.862221 -7.862221 7.137779 21.137779 10.137779 -36.862221 14.137779 29.137779 
-23.862221 -23.862221 -18.862221 -13.862221 -11.862221 35.137779 -125.862221 -101.862221 -12.862221 47.137779 48.137779 44.137779 18.137779 18.137779 27.137779 
-21.862221 -20.862221 -20.862221 -14.862221 -6.862221 23.137779 -125.862221 -115.862221 -42.862221 54.137779 49.137779 54.137779 10.137779 48.137779 41.137779 
-23.862221 -22.862221 -21.862221 -18.862221 -8.862221 23.137779 -124.862221 -114.862221 -48.862221 62.137779 58.137779 57.137779 9.137779 53.137779 48.137779 
-15.862221 -30.862221 -27.862221 -18.862221 -7.862221 22.137779 -60.862221 -118.862221 -47.862221 59.137779 61.137779 61.137779 23.137779 59.137779 52.137779 
-11.862221 14.137779 26.137779 12.137779 0.137779 18.137779 -37.862221 -106.862221 -41.862221 48.137779 71.137779 73.137779 40.137779 56.137779 62.137779 
-29.862221 -24.862221 -21.862221 -10.862221 -1.862221 5.137779 41.137779 -4.862221 -43.862221 36.137779 77.137779 79.137779 73.137779 48.137779 67.137779 
-35.955559 -6.955559 20.044441 35.044441 44.044441 63.044441 81.044441 76.044441 70.044441 53.044441 36.044441 18.044441 30.044441 -32.955559 -95.955559 
-9.955559 -11.955559 -13.955559 -16.955559 -19.955559 -22.955559 -14.955559 -4.955559 16.044441 14.044441 17.044441 25.044441 37.044441 -13.955559 -82.955559 
-26.955559 -24.955559 -25.955559 -23.955559 -18.955559 -18.955559 -17.955559 -17.955559 -19.955559 -13.955559 -0.955559 27.044441 33.044441 3.044441 -84.955559 
-27.955559 -20.955559 -23.955559 -19.955559 -17.955559 -15.955559 -16.955559 -9.955559 -4.955559 11.044441 19.044441 24.044441 29.044441 15.044441 -80.955559 
-29.955559 -22.955559 -22.955559 -18.955559 -18.955559 -16.955559 -13.955559 -0.955559 9.044441 19.044441 21.044441 25.044441 32.044441 27.044441 -79.955559 
-29.955559 -32.955559 -24.955559 -19.955559 -18.955559 -12.955559 -4.955559 12.044441 14.044441 17.044441 20.044441 22.044441 27.044441 33.044441 -77.955559 
-31.955559 -65.955559 -26.955559 -19.955559 -13.955559 -2.955559 5.044441 12.044441 16.044441 18.044441 21.044441 23.044441 25.044441 38.044441 -62.955559 
-37.955559 -82.955559 -30.955559 -18.955559 -5.955559 4.044441 10.044441 11.044441 12.044441 15.044441 20.044441 21.044441 26.044441 40.044441 -50.955559 
-27.955559 -74.955559 -29.955559 -11.955559 1.044441 7.044441 8.044441 10.044441 15.044441 15.044441 20.044441 19.044441 25.044441 38.044441 -31.955559 
-7.955559 -55.955559 -29.955559 -12.955559 -12.955559 -10.955559 0.044441 10.044441 14.044441 16.044441 18.044441 20.044441 26.044441 39.044441 -14.955559 
-12.955559 -10.955559 -52.955559 -49.955559 -53.955559 -50.955559 -22.955559 9.044441 12.044441 13.044441 15.044441 21.044441 25.044441 35.044441 9.044441 
-33.955559 6.044441 -58.955559 -77.955559 -68.955559 -67.955559 -44.955559 -4.955559 5.044441 5.044441 -9.955559 29.044441 30.044441 38.044441 24.044441 
-21.955559 -25.955559 4.044441 10.044441 -4.955559 -19.955559 3.044441 18.044441 -37.955559 -72.955559 -90.955559 -7.955559 56.044441 40.044441 34.044441 
-54.955559 -10.955559 4.044441 73.044441 79.044441 88.044441 92.044441 89.044441 64.044441 48.044441 25.044441 42.044441 73.044441 61.044441 60.044441 
-94.955559 -12.955559 -17.955559 0.044441 -0.955559 -5.955559 5.044441 23.044441 28.044441 31.044441 33.044441 37.044441 -3.955559 77.044441 80.044441 
-10.315552 -9.315552 -8.315552 -10.315552 -9.315552 -8.315552 -10.315552 -9.315552 -10.315552 -6.315552 -6.315552 -6.315552 1.684448 2.684448 4.684448 
-12.315552 -11.315552 -11.315552 -9.315552 -9.315552 -10.315552 -11.315552 -12.315552 -12.315552 -8.315552 -7.315552 -6.315552 1.684448 2.684448 6.684448 
-12.315552 -14.315552 -12.315552 -11.315552 -10.315552 -10.315552 -11.315552 -11.315552 -12.315552 -9.315552 -5.315552 -3.315552 -1.315552 -1.315552 0.684448 
-13.315552 -15.315552 -14.315552 -14.315552 -14.315552 -11.315552 -12.315552 -9.315552 -10.315552 -9.315552 -6.315552 -3.315552 -1.315552 -2.315552 -3.315552 
-15.315552 -15.315552 -15.315552 -13.315552 -10.315552 -9.315552 -9.315552 -11.315552 -11.315552 -10.315552 -8.315552 -7.315552 -5.315552 -6.315552 -9.315552 
-17.315552 -14.315552 -11.315552 -10.315552 -9.315552 -8.315552 -10.315552 -13.315552 -11.315552 -14.315552 -11.315552 -9.315552 -4.315552 9.684448 40.684448 
-17.315552 -14.315552 -10.315552 -8.315552 -6.315552 -8.315552 -11.315552 -14.315552 -14.315552 -16.315552 -14.315552 -5.315552 13.684448 24.684448 38.684448 
-20.315552 -17.315552 -15.315552 -15.315552 -16.315552 -18.315552 -16.315552 -17.315552 -17.315552 -16.315552 -3.315552 18.684448 25.684448 33.684448 39.684448 
-19.315552 -20.315552 -20.315552 -20.315552 -22.315552 -20.315552 -19.315552 -21.315552 -18.315552 -5.315552 14.684448 25.684448 26.684448 45.684448 58.684448 
-22.315552 -22.315552 -23.315552 -22.315552 -24.315552 -22.315552 -20.315552 -22.315552 -10.315552 6.684448 16.684448 25.684448 34.684448 57.684448 77.684448 
-21.315552 -23.315552 -22.315552 -23.315552 -23.315552 -21.315552 -21.315552 -16.315552 4.684448 18.684448 22.684448 19.684448 53.684448 75.684448 81.684448 
-22.315552 -24.315552 -23.315552 -23.315552 -23.315552 -22.315552 -15.315552 -6.315552 12.684448 21.684448 26.684448 28.684448 60.684448 73.684448 80.684448 
-21.315552 -22.315552 -21.315552 -22.315552 -24.315552 -23.315552 -1.315552 11.684448 18.684448 20.684448 18.684448 43.684448 58.684448 69.684448 74.684448 
-21.315552 -19.315552 -20.315552 -22.315552 -23.315552 -22.315552 1.684448 18.684448 22.684448 20.684448 19.684448 52.684448 56.684448 66.684448 66.684448 
-18.315552 -17.315552 -21.315552 -25.315552 -29.315552 -16.315552 7.684448 20.684448 23.684448 25.684448 25.684448 47.684448 55.684448 64.684448 61.684448 
30.071114 9.071114 10.071114 20.071114 23.071114 22.071114 6.071114 -9.928886 -15.928886 -24.928886 -23.928886 -1.928886 6.071114 15.071114 18.071114 
34.071114 17.071114 12.071114 14.071114 18.071114 19.071114 19.071114 -5.928886 -5.928886 -15.928886 -3.928886 -14.928886 -20.928886 -19.928886 -24.928886 
38.071114 16.071114 9.071114 6.071114 4.071114 23.071114 16.071114 0.071114 0.071114 1.071114 8.071114 -8.928886 -45.928886 -44.928886 -29.928886 
19.071114 16.071114 9.071114 7.071114 9.071114 28.071114 30.071114 15.071114 9.071114 14.071114 17.071114 11.071114 -46.928886 -39.928886 -38.928886 
10.071114 9.071114 5.071114 1.071114 3.071114 17.071114 23.071114 12.071114 15.071114 23.071114 22.071114 18.071114 -47.928886 -43.928886 -47.928886 
-5.928886 -4.928886 -3.928886 -3.928886 -2.928886 11.071114 18.071114 11.071114 15.071114 23.071114 23.071114 40.071114 -42.928886 -47.928886 -17.928886 
-11.928886 -15.928886 -12.928886 -7.928886 -10.928886 1.071114 5.071114 2.071114 16.071114 15.071114 18.071114 76.071114 -47.928886 -5.928886 23.071114 
-18.928886 -16.928886 -19.928886 -18.928886 -21.928886 -3.928886 -0.928886 0.071114 7.071114 8.071114 15.071114 63.071114 -55.928886 -4.928886 48.071114 
-23.928886 -16.928886 -22.928886 -29.928886 -20.928886 -12.928886 -10.928886 -4.928886 -1.928886 -2.928886 7.071114 42.071114 -38.928886 -15.928886 27.071114 
-27.928886 -28.928886 -28.928886 -29.928886 -31.928886 -23.928886 -15.928886 -9.928886 -10.928886 -8.928886 1.071114 32.071114 82.071114 61.071114 4.071114 
-34.928886 -34.928886 -34.928886 -38.928886 -38.928886 -22.928886 -13.928886 -13.928886 -15.928886 -12.928886 4.071114 39.071114 97.071114 67.071114 58.071114 
-41.928886 -39.928886 -36.928886 -40.928886 -29.928886 -17.928886 -16.928886 -19.928886 -17.928886 -11.928886 0.071114 32.071114 73.071114 76.071114 59.071114 
-48.928886 -48.928886 -44.928886 -34.928886 -26.928886 -23.928886 -21.928886 -20.928886 -18.928886 -11.928886 2.071114 37.071114 66.071114 115.071114 88.071114 
-53.928886 -48.928886 -42.928886 -36.928886 -29.928886 -25.928886 -23.928886 -20.928886 -12.928886 -5.928886 4.071114 33.071114 78.071114 88.071114 99.071114 
-49.928886 -43.928886 -39.928886 -31.928886 -27.928886 -23.928886 -20.928886 -18.928886 -14.928886 -6.928886 1.071114 24.071114 83.071114 74.071114 78.071114 
20.008888 88.008888 58.008888 -17.991112 -13.991112 38.008888 54.008888 -42.991112 -50.991112 -41.991112 3.008888 10.008888 12.008888 14.008888 16.008888 
20.008888 102.008888 42.008888 -30.991112 -50.991112 -2.991112 57.008888 25.008888 -36.991112 -45.991112 -5.991112 12.008888 14.008888 16.008888 17.008888 
55.008888 79.008888 21.008888 -30.991112 -51.991112 -41.991112 11.008888 48.008888 8.008888 -28.991112 -21.991112 13.008888 13.008888 17.008888 17.008888 
81.008888 64.008888 -5.991112 -45.991112 -51.991112 -22.991112 -37.991112 25.008888 39.008888 11.008888 -9.991112 12.008888 14.008888 17.008888 14.008888 
90.008888 27.008888 -23.991112 -51.991112 -51.991112 27.008888 -50.991112 -30.991112 30.008888 34.008888 17.008888 29.008888 20.008888 16.008888 18.008888 
75.008888 -0.991112 -30.991112 -34.991112 26.008888 61.008888 -51.991112 -51.991112 -32.991112 -2.991112 26.008888 53.008888 30.008888 18.008888 17.008888 
56.008888 25.008888 33.008888 49.008888 54.008888 21.008888 -51.991112 -51.991112 -51.991112 -49.991112 -31.991112 57.008888 65.008888 29.008888 13.008888 
53.008888 52.008888 27.008888 21.008888 -9.991112 -50.991112 -51.991112 -51.991112 -51.991112 -51.991112 -51.991112 51.008888 73.008888 58.008888 63.008888 
29.008888 13.008888 -9.991112 -32.991112 -45.991112 -51.991112 -51.991112 -51.991112 -51.991112 -51.991112 -51.991112 40.008888 74.008888 68.008888 70.008888 
1.008888 -33.991112 -44.991112 -51.991112 -51.991112 -51.991112 -51.991112 -51.991112 -51.991112 -51.991112 -49.991112 31.008888 70.008888 71.008888 68.008888 
15.008888 -51.991112 -51.991112 -51.991112 -51.991112 -51.991112 -51.991112 -51.991112 -51.991112 -51.991112 -34.991112 27.008888 57.008888 66.008888 74.008888 
39.008888 11.008888 -41.991112 -50.991112 -51.991112 -51.991112 -51.991112 -51.991112 -51.991112 -51.991112 -23.991112 30.008888 22.008888 62.008888 75.008888 
40.008888 44.008888 -14.991112 -50.991112 -51.991112 -51.991112 -51.991112 -51.991112 -51.991112 -43.991112 -11.991112 32.008888 25.008888 75.008888 73.008888 
37.008888 40.008888 26.008888 -26.991112 -51.991112 -51.991112 -51.991112 -51.991112 -51.991112 -34.991112 24.008888 28.008888 58.008888 66.008888 40.008888 
-20.991112 34.008888 31.008888 4.008888 -51.991112 -51.991112 -51.991112 -51.991112 -51.991112 -25.991112 35.008888 23.008888 81.008888 60.008888 24.008888 
10.226669 1.226669 2.226669 11.226669 24.226669 31.226669 22.226669 15.226669 28.226669 18.226669 39.226669 14.226669 -50.773331 -40.773331 -40.773331 
3.226669 1.226669 1.226669 5.226669 21.226669 22.226669 16.226669 17.226669 29.226669 23.226669 35.226669 20.226669 -43.773331 -42.773331 -43.773331 
-4.773331 -2.773331 -6.773331 -4.773331 10.226669 14.226669 10.226669 11.226669 29.226669 21.226669 32.226669 39.226669 -43.773331 -46.773331 -55.773331 
-16.773331 -13.773331 -9.773331 -6.773331 1.226669 4.226669 1.226669 8.226669 21.226669 16.226669 25.226669 65.226669 -61.773331 -57.773331 -36.773331 
-16.773331 -25.773331 -15.773331 -17.773331 0.226669 0.226669 0.226669 2.226669 10.226669 8.226669 18.226669 72.226669 -60.773331 -2.773331 -5.773331 
-20.773331 -29.773331 -29.773331 -17.773331 -11.773331 -8.773331 -7.773331 -2.773331 0.226669 2.226669 13.226669 52.226669 -16.773331 -13.773331 41.226669 
-27.773331 -31.773331 -28.773331 -28.773331 -25.773331 -16.773331 -8.773331 -6.773331 -6.773331 -6.773331 12.226669 37.226669 76.226669 -2.773331 55.226669 
-35.773331 -35.773331 -35.773331 -33.773331 -22.773331 -21.773331 -11.773331 -15.773331 -14.773331 -8.773331 12.226669 35.226669 96.226669 51.226669 68.226669 
-39.773331 -43.773331 -39.773331 -35.773331 -21.773331 -16.773331 -17.773331 -19.773331 -16.773331 -13.773331 9.226669 34.226669 75.226669 74.226669 59.226669 
-40.773331 -44.773331 -32.773331 -27.773331 -19.773331 -22.773331 -22.773331 -19.773331 -18.773331 -14.773331 8.226669 34.226669 69.226669 77.226669 60.226669 
-47.773331 -42.773331 -31.773331 -26.773331 -25.773331 -25.773331 -21.773331 -23.773331 -16.773331 -8.773331 13.226669 36.226669 62.226669 87.226669 109.226669 
-48.773331 -39.773331 -35.773331 -30.773331 -29.773331 -25.773331 -23.773331 -20.773331 -13.773331 -2.773331 10.226669 32.226669 58.226669 83.226669 96.226669 
-46.773331 -41.773331 -34.773331 -29.773331 -24.773331 -23.773331 -24.773331 -19.773331 -13.773331 -7.773331 6.226669 27.226669 63.226669 73.226669 74.226669 
-36.773331 -34.773331 -30.773331 -29.773331 -25.773331 -24.773331 -20.773331 -19.773331 -14.773331 -7.773331 6.226669 20.226669 83.226669 60.226669 67.226669 
-30.773331 -29.773331 -30.773331 -29.773331 -26.773331 -22.773331 -21.773331 -19.773331 -13.773331 -5.773331 6.226669 14.226669 94.226669 51.226669 58.226669 
10.733330 7.733330 7.733330 5.733330 4.733330 3.733330 2.733330 1.733330 -0.266670 -1.266670 -4.266670 -10.266670 -17.266670 -21.266670 -22.266670 
3.733330 4.733330 7.733330 5.733330 5.733330 6.733330 4.733330 1.733330 -0.266670 -1.266670 -3.266670 -6.266670 -12.266670 -21.266670 -22.266670 
-5.266670 -3.266670 1.733330 0.733330 1.733330 4.733330 2.733330 2.733330 1.733330 0.733330 -1.266670 -2.266670 -7.266670 -11.266670 -22.266670 
-12.266670 -9.266670 -6.266670 -4.266670 -2.266670 -1.266670 -0.266670 0.733330 2.733330 1.733330 1.733330 -0.266670 -3.266670 -6.266670 -14.266670 
-5.266670 -5.266670 -4.266670 -4.266670 -6.266670 -4.266670 -3.266670 0.733330 4.733330 4.733330 5.733330 2.733330 -2.266670 -3.266670 -12.266670 
-4.266670 -3.266670 -2.266670 -2.266670 -3.266670 -3.266670 -3.266670 -2.266670 0.733330 2.733330 2.733330 0.733330 -3.266670 -4.266670 -13.266670 
-14.266670 -6.266670 -3.266670 -1.266670 -3.266670 -2.266670 -2.266670 -1.266670 0.733330 1.733330 2.733330 1.733330 -5.266670 -9.266670 -6.266670 
-14.266670 -15.266670 -19.266670 -9.266670 -3.266670 -0.266670 -0.266670 0.733330 0.733330 2.733330 1.733330 2.733330 -3.266670 -3.266670 -3.266670 
-14.266670 -13.266670 -13.266670 -11.266670 -10.266670 -5.266670 -2.266670 2.733330 1.733330 2.733330 1.733330 6.733330 4.733330 0.733330 -1.266670 
-21.266670 -18.266670 -14.266670 -11.266670 -11.266670 -7.266670 -5.266670 -2.266670 -1.266670 -0.266670 1.733330 7.733330 13.733330 9.733330 0.733330 
-24.266670 -24.266670 -16.266670 -11.266670 -11.266670 -9.266670 -7.266670 -5.266670 -4.266670 -0.266670 3.733330 11.733330 14.733330 13.733330 9.733330 
-11.266670 -11.266670 -11.266670 -12.266670 -12.266670 -12.266670 -8.266670 -4.266670 -4.266670 -3.266670 3.733330 13.733330 13.733330 9.733330 7.733330 
-9.266670 -8.266670 -10.266670 -8.266670 -8.266670 -8.266670 -9.266670 -5.266670 -1.266670 1.733330 6.733330 20.733330 30.733330 38.733330 36.733330 
-7.266670 -7.266670 -7.266670 -7.266670 -6.266670 -5.266670 -1.266670 0.733330 4.733330 7.733330 13.733330 35.733330 46.733330 62.733330 67.733330 
-7.266670 -6.266670 -5.266670 -3.266670 -0.266670 2.733330 8.733330 9.733330 18.733330 22.733330 30.733330 37.733330 50.733330 53.733330 60.733330 
10 #numtrees
10 #numFeatures
#Tree 0
0.840188 0.394383 0.783099 0.798440 # Feature 0
0.911647 0.197551 0.335223 0.768230 # Feature 1
0.277775 0.553970 0.477397 0.628871 # Feature 2
0.364784 0.513401 0.952230 0.916195 # Feature 3
0.635712 0.717297 0.141603 0.606969 # Feature 4
0.016301 0.242887 0.137232 0.804177 # Feature 5
0.156679 0.400944 0.129790 0.108809 # Feature 6
0.998924 0.218257 0.512932 0.839112 # Feature 7
0.612640 0.296032 0.637552 0.524287 # Feature 8
0.493583 0.972775 0.292517 0.771358 # Feature 9
47 #numLeaves
19 1 2
27 1 0
33 4 5
35 14 9
43 1 1
49 2 4
50 1 0
51 38 12
57 1 1
59 3 3
145 1 0
147 2 1
161 2 2
163 4 4
177 3 1
179 9 3
185 2 1
187 1 0
259 1 1
275 2 2
289 2 3
291 8 8
305 4 10
307 16 13
311 3 8
315 2 2
387 1 0
401 1 0
403 4 2
419 1 1
433 2 1
435 9 8
437 1 2
439 1 3
443 1 1
563 2 4
787 1 1
817 1 2
819 6 7
823 1 7
827 1 2
915 3 1
919 2 5
947 1 2
949 1 3
951 4 6
955 2 0
#Tree 1
0.526745 0.769914 0.400229 0.891529 # Feature 0
0.283315 0.352458 0.807725 0.919026 # Feature 1
0.069755 0.949327 0.525995 0.086056 # Feature 2
0.192214 0.663227 0.890233 0.348893 # Feature 3
0.064171 0.020023 0.457702 0.063096 # Feature 4
0.238280 0.970634 0.902208 0.850920 # Feature 5
0.266666 0.539760 0.375207 0.760249 # Feature 6
0.512535 0.667724 0.531606 0.039280 # Feature 7
0.437638 0.931835 0.930810 0.720952 # Feature 8
0.284293 0.738534 0.639979 0.354049 # Feature 9
57 #numLeaves
0 14 9
1 2 2
2 4 5
6 4 2
8 5 6
10 1 6
32 23 12
33 3 2
34 15 9
36 1 2
38 1 1
40 13 9
42 1 3
44 1 0
64 1 1
96 3 1
97 2 1
98 2 1
99 1 1
104 2 1
106 1 0
108 2 0
128 8 5
132 2 1
136 1 1
160 5 5
161 1 3
162 2 4
168 1 1
170 1 1
192 1 0
200 1 0
202 1 1
224 1 2
234 1 0
512 4 8
513 5 5
514 1 1
518 1 1
522 1 3
544 10 8
545 3 3
546 1 2
548 1 3
549 2 1
552 3 7
608 2 2
609 1 0
612 2 1
616 1 2
640 1 1
641 1 0
672 2 3
673 1 0
677 1 2
736 1 2
740 1 1
#Tree 2
0.687861 0.165974 0.440105 0.880075 # Feature 0
0.829201 0.330337 0.228968 0.893372 # Feature 1
0.350360 0.686670 0.956468 0.588640 # Feature 2
0.657304 0.858676 0.439560 0.923970 # Feature 3
0.398437 0.814767 0.684219 0.910972 # Feature 4
0.482491 0.215825 0.950252 0.920128 # Feature 5
0.147660 0.881062 0.641081 0.431953 # Feature 6
0.619596 0.281059 0.786002 0.307458 # Feature 7
0.447034 0.226107 0.187533 0.276235 # Feature 8
0.556444 0.416501 0.169607 0.906804 # Feature 9
66 #numLeaves
2 1 1
3 1 1
10 1 2
42 1 2
64 1 1
66 4 2
67 1 1
68 1 1
69 6 1
70 5 3
71 6 3
72 3 6
74 2 5
76 3 2
78 5 5
79 1 0
104 1 3
108 1 3
110 1 1
132 1 0
135 1 0
198 4 2
199 8 2
206 1 1
321 1 1
322 2 2
323 2 3
325 2 1
326 2 1
327 8 4
328 2 2
330 6 4
331 1 1
332 2 2
334 1 2
335 1 0
514 2 0
515 1 0
518 1 0
581 1 1
583 1 3
586 2 2
590 1 4
643 1 0
768 1 2
769 2 2
770 1 2
771 6 8
772 1 0
773 3 2
774 1 1
775 3 3
778 2 1
832 1 2
833 4 9
834 3 3
835 9 14
836 4 2
837 4 4
838 2 1
839 11 12
840 4 4
842 5 5
844 3 2
846 3 2
965 1 1
#Tree 3
0.103171 0.126075 0.495444 0.760475 # Feature 0
0.984752 0.935004 0.684445 0.383188 # Feature 1
0.749771 0.368664 0.294160 0.232262 # Feature 2
0.584489 0.244413 0.152390 0.732149 # Feature 3
0.125475 0.793470 0.164102 0.745071 # Feature 4
0.074530 0.950104 0.052529 0.521563 # Feature 5
0.176211 0.240062 0.797798 0.732654 # Feature 6
0.656564 0.967405 0.639458 0.759735 # Feature 7
0.093480 0.134902 0.520210 0.078232 # Feature 8
0.069906 0.204655 0.461420 0.819677 # Feature 9
80 #numLeaves
272 1 1
320 1 1
338 1 0
342 1 2
368 1 5
370 1 1
372 2 3
373 1 1
381 1 1
400 1 3
416 1 1
432 1 1
463 1 0
464 7 11
466 1 2
468 1 4
469 1 1
470 1 1
496 4 4
497 1 1
498 3 1
500 6 9
501 4 1
508 1 1
509 1 1
822 1 1
838 1 0
839 1 1
847 1 1
854 2 1
855 4 3
866 1 0
867 1 0
870 1 0
871 2 1
879 5 4
881 1 1
882 2 1
883 1 0
884 3 3
885 2 2
886 3 3
887 5 2
892 1 0
893 3 2
895 4 3
912 1 1
931 1 0
943 1 0
946 1 1
951 1 1
964 1 1
966 1 1
967 1 5
973 1 2
975 5 3
976 1 1
978 1 2
980 3 2
981 1 2
982 2 2
983 4 2
988 1 0
991 4 2
994 1 0
999 1 2
1004 1 0
1005 1 3
1007 3 2
1008 3 2
1010 2 2
1011 2 3
1012 5 4
1013 5 4
1014 3 2
1015 16 3
1020 1 1
1021 1 2
1022 1 0
1023 7 1
#Tree 4
0.573319 0.755581 0.051939 0.157807 # Feature 0
0.999994 0.204329 0.889956 0.125468 # Feature 1
0.997799 0.054058 0.870540 0.072329 # Feature 2
0.004162 0.923069 0.593892 0.180372 # Feature 3
0.163132 0.391690 0.913027 0.819695 # Feature 4
0.359095 0.552485 0.579430 0.452576 # Feature 5
0.687387 0.099640 0.530808 0.757294 # Feature 6
0.304295 0.992228 0.576971 0.877614 # Feature 7
0.747809 0.628910 0.035421 0.747803 # Feature 8
0.833239 0.925377 0.873271 0.831038 # Feature 9
71 #numLeaves
2 3 2
3 2 4
8 6 3
9 6 2
10 6 7
11 12 7
13 3 4
14 1 2
15 13 8
18 2 1
24 2 2
25 3 0
26 3 2
27 1 0
31 1 2
39 1 0
64 2 0
66 3 1
72 8 3
73 3 2
74 2 3
75 1 1
79 1 2
80 1 0
88 3 1
89 1 1
90 1 0
130 3 3
138 2 3
139 2 4
141 2 1
143 3 5
146 1 0
154 1 1
194 2 0
201 1 0
202 1 1
271 1 1
287 1 0
386 1 0
387 1 0
394 1 2
402 1 1
466 1 0
512 1 2
514 7 6
519 1 1
520 1 1
522 4 7
527 1 3
530 3 2
534 1 0
536 1 1
539 1 1
543 1 0
576 1 1
578 5 5
584 2 2
586 3 2
587 1 2
594 1 4
602 2 1
642 8 6
646 1 0
655 1 0
658 1 1
706 4 4
714 1 1
722 1 1
898 1 3
962 3 2
#Tree 5
0.979434 0.743811 0.903366 0.983596 # Feature 0
0.666880 0.497259 0.163968 0.830012 # Feature 1
0.888949 0.076995 0.649707 0.248044 # Feature 2
0.629480 0.229137 0.700620 0.316867 # Feature 3
0.328777 0.231428 0.074161 0.633072 # Feature 4
0.223656 0.651132 0.510686 0.971466 # Feature 5
0.280042 0.546107 0.719269 0.113281 # Feature 6
0.471483 0.592540 0.944318 0.450918 # Feature 7
0.336351 0.847684 0.434513 0.003231 # Feature 8
0.344943 0.598481 0.833243 0.233892 # Feature 9
71 #numLeaves
32 4 3
36 1 1
96 4 4
100 2 2
130 1 2
160 2 4
161 1 0
162 2 2
166 2 1
224 4 10
228 1 3
256 1 5
269 1 0
288 10 8
289 1 1
292 3 3
293 2 2
295 1 0
296 1 2
304 1 1
352 14 11
353 3 3
356 6 3
357 2 1
358 3 1
359 1 1
365 4 3
367 3 1
416 1 6
418 2 5
485 1 1
487 1 0
495 1 0
512 2 1
544 4 3
546 6 5
550 1 1
576 2 1
578 2 1
579 1 0
608 6 2
609 1 0
610 3 2
611 1 0
640 2 2
642 1 1
672 4 6
674 2 5
736 1 4
740 1 2
800 4 5
802 5 6
804 1 0
805 1 0
807 1 1
808 1 1
813 1 0
814 1 0
815 2 1
832 1 1
834 1 0
864 7 5
865 2 1
866 8 2
867 1 0
868 3 1
869 1 0
870 1 1
871 2 0
874 1 0
879 2 0
#Tree 6
0.675476 0.482950 0.481936 0.304956 # Feature 0
0.712087 0.182556 0.621823 0.040864 # Feature 1
0.413984 0.695984 0.673936 0.637640 # Feature 2
0.347116 0.184622 0.609106 0.627158 # Feature 3
0.730729 0.328374 0.740438 0.202213 # Feature 4
0.920914 0.684757 0.653130 0.257265 # Feature 5
0.532441 0.087644 0.260497 0.877384 # Feature 6
0.686125 0.093740 0.111276 0.361601 # Feature 7
0.576690 0.593211 0.666557 0.288778 # Feature 8
0.775767 0.288379 0.329642 0.189751 # Feature 9
122 #numLeaves
2 1 1
6 1 1
14 1 1
15 2 1
21 1 3
28 1 1
29 3 3
31 1 1
32 1 0
34 1 0
38 1 0
50 2 1
54 1 1
55 2 3
56 1 0
57 1 1
66 1 0
68 1 1
80 1 0
88 1 0
92 2 11
93 4 5
104 1 0
112 1 1
114 1 0
116 1 1
120 4 2
122 2 0
125 1 1
127 1 0
143 1 0
189 1 0
204 1 4
220 1 2
221 1 2
248 2 0
265 1 0
269 1 1
271 2 2
285 3 3
287 1 1
309 1 1
313 2 0
317 2 3
333 1 2
335 1 0
345 1 1
349 6 6
351 1 1
353 1 0
356 1 0
361 1 0
365 1 1
368 1 0
376 2 1
377 4 2
380 1 2
381 3 1
388 1 0
455 1 0
460 1 2
461 1 2
476 1 1
477 4 2
479 1 1
489 1 0
493 1 0
504 1 0
505 1 0
509 1 1
541 2 3
544 1 0
557 1 3
562 1 1
564 1 1
565 2 3
570 1 2
576 1 1
597 1 1
605 3 4
612 1 1
617 1 1
618 1 1
620 1 1
621 2 3
624 1 0
628 1 0
629 1 0
636 1 2
637 1 2
653 1 1
701 1 0
716 2 1
717 1 1
733 2 1
765 1 1
777 1 1
797 1 3
809 1 1
821 1 2
829 1 2
837 1 1
845 2 3
860 1 0
861 6 4
863 1 0
872 2 0
873 1 0
877 3 1
880 1 1
884 1 3
885 1 1
888 1 1
892 1 1
893 2 1
972 1 1
973 1 1
988 1 0
989 1 1
1004 1 1
1020 2 0
1021 2 1
#Tree 7
0.984363 0.003579 0.827391 0.331479 # Feature 0
0.188201 0.436497 0.958637 0.918930 # Feature 1
0.764871 0.699075 0.121143 0.685786 # Feature 2
0.383832 0.774274 0.943051 0.916273 # Feature 3
0.861917 0.203548 0.793657 0.548042 # Feature 4
0.297288 0.904932 0.909643 0.873979 # Feature 5
0.498144 0.576200 0.162757 0.273911 # Feature 6
0.864579 0.492399 0.463662 0.848942 # Feature 7
0.495977 0.291053 0.180421 0.684178 # Feature 8
0.727550 0.139058 0.603109 0.492422 # Feature 9
40 #numLeaves
11 1 0
33 1 0
35 1 2
39 1 2
47 1 1
129 1 1
130 9 5
131 4 3
133 1 1
134 15 10
135 21 13
137 3 1
138 2 6
139 6 4
141 1 1
142 2 4
143 8 3
161 2 2
162 1 1
163 12 11
166 1 1
167 23 17
168 1 1
169 3 0
170 1 4
171 9 6
175 5 4
201 1 0
547 1 2
642 17 3
646 1 0
647 2 6
648 1 1
650 6 4
651 2 4
675 1 17
680 1 2
682 1 2
686 1 3
687 3 6
#Tree 8
0.838134 0.724252 0.178208 0.221966 # Feature 0
0.498525 0.121259 0.138238 0.360443 # Feature 1
0.324807 0.931895 0.908485 0.622095 # Feature 2
0.836828 0.818128 0.496074 0.334972 # Feature 3
0.394327 0.658831 0.608883 0.258906 # Feature 4
0.151230 0.072545 0.107848 0.647207 # Feature 5
0.363598 0.288270 0.331386 0.091149 # Feature 6
0.427328 0.934495 0.583570 0.265461 # Feature 7
0.658747 0.761778 0.487427 0.157272 # Feature 8
0.883037 0.625665 0.517715 0.207844 # Feature 9
74 #numLeaves
16 1 5
17 1 0
80 1 2
81 4 0
144 1 1
214 1 0
280 1 3
336 8 11
337 2 4
340 3 2
342 1 0
343 1 2
344 2 3
345 2 1
400 1 4
401 1 0
404 1 1
452 1 1
464 2 4
468 6 5
470 1 2
471 1 2
472 1 0
476 1 2
500 1 0
502 1 0
579 1 2
593 4 3
595 5 6
597 1 1
599 3 3
600 1 1
601 1 0
607 1 1
704 1 0
726 1 1
727 2 1
732 1 0
734 3 2
735 1 0
839 3 1
848 3 6
849 2 11
851 2 6
852 1 1
853 2 4
854 1 1
855 25 19
856 3 3
857 1 2
861 1 0
862 1 1
863 6 3
871 1 2
880 1 1
884 1 0
885 1 0
887 1 4
888 1 0
889 2 1
948 1 0
949 1 1
964 1 1
966 1 2
976 1 2
977 1 0
980 4 6
981 1 1
982 9 8
983 5 6
990 9 5
991 4 3
1015 3 1
1021 1 0
#Tree 9
0.557561 0.426199 0.829939 0.394388 # Feature 0
0.244327 0.326013 0.729360 0.638654 # Feature 1
0.984845 0.338243 0.897560 0.136075 # Feature 2
0.410788 0.005409 0.783282 0.774386 # Feature 3
0.293678 0.114668 0.865535 0.721006 # Feature 4
0.049162 0.449105 0.986467 0.707909 # Feature 5
0.210883 0.473894 0.865181 0.093920 # Feature 6
0.099559 0.382896 0.301763 0.657120 # Feature 7
0.809095 0.131702 0.051508 0.053422 # Feature 8
0.457716 0.780868 0.692076 0.442560 # Feature 9
92 #numLeaves
0 2 3
1 13 4
2 1 7
3 2 6
4 5 3
5 5 5
6 1 7
7 4 7
8 3 0
9 2 0
12 4 3
13 3 0
14 1 1
15 1 1
20 1 1
34 1 1
35 1 1
44 1 0
68 1 1
69 1 2
76 1 1
77 1 0
100 4 4
101 5 4
102 3 4
103 1 2
108 1 0
117 1 1
118 1 2
128 1 2
129 2 3
131 1 4
133 1 2
134 1 1
135 2 3
136 1 1
139 1 1
140 1 1
196 1 1
229 1 1
230 1 1
260 5 2
261 4 2
262 1 2
263 1 1
291 1 1
292 1 1
294 2 1
324 1 3
352 1 1
356 3 2
358 2 4
364 1 0
380 1 1
388 1 2
390 3 1
420 1 1
422 1 1
448 1 0
452 1 2
484 2 2
486 2 2
512 3 4
513 3 3
516 5 2
517 1 0
520 1 2
521 2 1
524 7 3
525 2 1
526 1 0
528 1 0
532 5 1
533 1 0
536 2 1
537 1 0
540 2 0
541 1 0
556 1 1
580 1 0
609 1 0
612 1 1
644 1 1
772 1 0
780 1 1
804 1 0
813 1 0
836 1 1
844 1 0
864 2 1
868 1 2
902 1 0
